dl n = 35 format = edgelist1
labels embedded
data:
5221 6082 1
5221 8096 1
5221 8145 1
5371 5221 1
5371 7977 4
5371 8002 1
5371 8026 5
5371 8059 1
5371 8096 1
5371 8140 1
5371 8145 4
5371 8147 2
5371 8149 1
5867 5867 1
5867 7977 1
6082 7930 1
6082 8026 1
6179 5867 1
6179 6371 1
6179 7724 1
6179 7930 1
6179 7977 1
6179 8026 3
6179 8028 1
6179 8040 1
6179 8059 1
6179 8145 1
6371 7724 1
6662 5371 1
6662 8059 1
7066 5371 1
7066 7930 1
7470 7930 1
7470 8148 1
7592 8026 2
7641 8142 1
7724 6179 1
7724 7977 1
7753 7641 1
7753 7930 1
7753 8096 1
7753 8115 1
7832 8039 1
7930 6082 1
7930 7930 1
7930 8028 2
7930 8143 1
7971 8138 1
7977 5371 2
7977 5867 1
7977 8138 2
8002 5371 1
8002 6179 1
8002 8002 1
8026 5371 4
8026 6179 2
8026 7592 2
8026 8040 2
8028 7753 1
8028 7930 2
8039 7832 2
8039 8146 1
8040 8026 3
8050 7832 1
8059 6179 1
8115 7753 1
8138 7971 2
8138 7977 1
8138 8138 1
8140 5371 1
8140 8140 1
8142 7641 1
8143 7930 1
8145 5371 3
8147 5371 1
