dl n = 18042 format = edgelist1
labels embedded
data:
5221 5226 1
5221 5228 1
5221 5232 1
5221 5236 1
5221 5240 1
5221 5246 1
5221 5248 1
5221 5251 1
5221 5252 1
5221 5253 1
5221 5254 1
5221 5256 1
5221 5257 1
5221 5258 1
5221 5260 1
5221 5263 1
5221 5264 1
5221 5265 1
5221 5267 1
5221 5268 1
5221 5269 1
5221 5272 1
5221 5274 1
5221 5276 1
5221 5277 1
5221 5278 1
5221 5288 1
5221 5289 1
5221 5290 1
5221 5294 1
5221 5297 1
5221 5298 1
5221 5299 1
5221 5300 1
5221 5301 1
5221 5302 1
5221 5305 1
5221 5306 1
5221 5307 1
5221 5308 1
5221 5310 1
5221 5312 1
5221 5313 1
5221 5315 1
5221 5316 1
5221 5317 1
5221 5320 1
5221 5321 1
5221 5322 1
5221 5323 1
5221 5325 1
5221 5327 1
5221 5328 1
5221 5329 1
5221 5330 1
5221 5331 1
5221 5332 1
5221 5334 1
5221 5336 1
5221 5337 1
5221 5339 1
5221 5340 1
5221 5341 1
5221 5343 1
5221 5344 1
5221 5345 1
5221 5347 1
5221 5348 1
5221 5352 1
5221 5353 1
5221 5354 1
5221 5356 1
5221 5358 1
5221 5362 1
5221 5363 1
5221 5371 1
5221 5373 1
5221 5375 1
5221 5376 1
5221 5380 1
5221 5382 1
5221 5384 1
5221 5387 1
5221 5388 1
5221 5389 1
5221 5391 1
5221 5394 1
5221 5397 1
5221 5401 1
5221 5402 1
5221 5404 1
5221 5407 1
5221 5408 1
5221 5409 1
5221 5411 1
5221 5414 1
5221 5417 1
5221 5420 1
5221 5422 1
5221 5423 1
5221 5425 1
5221 5430 1
5221 5432 1
5221 5434 1
5221 5435 1
5221 5436 1
5221 5438 1
5221 5440 1
5221 5442 1
5221 5445 1
5221 5446 1
5221 5447 1
5221 5449 1
5221 5451 1
5221 5454 1
5221 5457 1
5221 5458 1
5221 5459 1
5221 5460 1
5221 5462 1
5221 5465 1
5221 5466 1
5221 5467 1
5221 5468 1
5221 5472 1
5221 5473 1
5221 5475 1
5221 5479 1
5221 5480 1
5221 5481 1
5221 5484 1
5221 5485 1
5221 5488 1
5221 5492 1
5221 5495 1
5221 5500 1
5221 5501 1
5221 5505 1
5221 5506 1
5221 5507 1
5221 5508 1
5221 5509 1
5221 5511 1
5221 5514 1
5221 5515 1
5221 5516 1
5221 5517 1
5221 5519 1
5221 5520 1
5221 5521 1
5221 5522 1
5221 5523 1
5221 5525 1
5221 5526 1
5221 5527 1
5221 5528 1
5221 5530 1
5221 5531 1
5221 5532 1
5221 5534 1
5221 5538 1
5221 5540 1
5221 5542 1
5221 5543 1
5221 5549 1
5221 5550 1
5221 5551 1
5221 5552 1
5221 5553 1
5221 5554 1
5221 5555 1
5221 5557 1
5221 5558 1
5221 5560 1
5221 5562 1
5221 5564 1
5221 5567 1
5221 5568 1
5221 5572 1
5221 5573 1
5221 5574 1
5221 5576 1
5221 5577 1
5221 5578 1
5221 5581 1
5221 5582 1
5221 5584 1
5221 5585 1
5221 5587 1
5221 5588 1
5221 5589 1
5221 5592 1
5221 5593 1
5221 5594 1
5221 5595 1
5221 5596 1
5221 5599 1
5221 5601 1
5221 5606 1
5221 5608 1
5221 5611 1
5221 5612 1
5221 5613 1
5221 5615 1
5221 5617 1
5221 5618 1
5221 5619 1
5221 5620 1
5221 5624 1
5221 5626 1
5221 5627 1
5221 5628 1
5221 5631 1
5221 5634 1
5221 5635 1
5221 5639 1
5221 5640 1
5221 5641 1
5221 5643 1
5221 5645 1
5221 5646 1
5221 5647 1
5221 5649 1
5221 5651 1
5221 5653 1
5221 5654 1
5221 5657 1
5221 5665 1
5221 5666 1
5221 5669 1
5221 5670 1
5221 5673 1
5221 5675 1
5221 5676 1
5221 5686 1
5221 5688 1
5221 5690 1
5221 5691 1
5221 5698 1
5221 5699 1
5221 5700 1
5221 5701 1
5221 5704 1
5221 5708 1
5221 5711 1
5221 5714 1
5221 5717 1
5221 5718 1
5221 5719 1
5221 5720 1
5221 5721 1
5221 5723 1
5221 5727 1
5221 5730 1
5221 5733 1
5221 5735 1
5221 5736 1
5221 5738 1
5221 5739 1
5221 5740 1
5221 5741 1
5221 5742 1
5221 5745 1
5221 5747 1
5221 5749 1
5221 5751 1
5221 5752 1
5221 5753 1
5221 5755 1
5221 5757 1
5221 5758 1
5221 5759 1
5221 5760 1
5221 5763 1
5221 5765 1
5221 5766 1
5221 5768 1
5221 5770 1
5221 5776 1
5221 5779 1
5221 5780 1
5221 5783 1
5221 5784 1
5221 5785 1
5221 5787 1
5221 5788 1
5221 5790 1
5221 5791 1
5221 5792 1
5221 5794 1
5221 5797 1
5221 5798 1
5221 5800 1
5221 5801 1
5221 5802 1
5221 5803 1
5221 5809 1
5221 5810 1
5221 5812 1
5221 5815 1
5221 5818 1
5221 5822 1
5221 5825 1
5221 5826 1
5221 5828 1
5221 5833 1
5221 5834 1
5221 5837 1
5221 5839 1
5221 5840 1
5221 5841 1
5221 5842 1
5221 5844 1
5221 5846 1
5221 5847 1
5221 5851 1
5221 5854 1
5221 5855 1
5221 5856 1
5221 5858 1
5221 5861 1
5221 5866 1
5221 5867 1
5221 5868 1
5221 5869 1
5221 5873 1
5221 5875 1
5221 5876 1
5221 5879 1
5221 5881 1
5221 5882 1
5221 5883 1
5221 5889 1
5221 5901 1
5221 5907 1
5221 5913 1
5221 5915 1
5221 5917 1
5221 5918 1
5221 5920 1
5221 5926 1
5221 5928 1
5221 5933 1
5221 5935 1
5221 5938 1
5221 5942 1
5221 5943 1
5221 5944 1
5221 5945 1
5221 5952 1
5221 5953 1
5221 5955 1
5221 5956 1
5221 5961 1
5221 5965 1
5221 5966 1
5221 5975 1
5221 5976 1
5221 5978 1
5221 5980 1
5221 5981 1
5221 5984 1
5221 5990 1
5221 5997 1
5221 5998 1
5221 6000 1
5221 6003 1
5221 6004 1
5221 6010 1
5221 6012 1
5221 6017 1
5221 6021 1
5221 6046 1
5221 6058 1
5221 6060 1
5221 6082 1
5221 6137 1
5221 6170 1
5221 6179 1
5221 6213 1
5221 6371 1
5221 6633 1
5221 6740 1
5221 6745 1
5221 6766 1
5221 6769 1
5221 6770 1
5221 6774 1
5221 6777 1
5221 6779 1
5221 6780 1
5221 6782 1
5221 6783 1
5221 6786 1
5221 6790 1
5221 6798 1
5221 6799 1
5221 6803 1
5221 6810 1
5221 6811 1
5221 6812 1
5221 6813 1
5221 6817 1
5221 6822 1
5221 6824 1
5221 6825 1
5221 6828 1
5221 6832 1
5221 6833 1
5221 6834 1
5221 6836 1
5221 6847 1
5221 6850 1
5221 6851 1
5221 6858 1
5221 6872 1
5221 6874 1
5221 6878 1
5221 6880 1
5221 6881 1
5221 6882 1
5221 6884 1
5221 6885 1
5221 6891 1
5221 6892 1
5221 6894 1
5221 6896 1
5221 6899 1
5221 6900 1
5221 6907 1
5221 6914 1
5221 6920 1
5221 6921 1
5221 6922 1
5221 6924 1
5221 6925 1
5221 6932 1
5221 6933 1
5221 6935 1
5221 6937 1
5221 6943 1
5221 6946 1
5221 6947 1
5221 6948 1
5221 6954 1
5221 6955 1
5221 6958 1
5221 6961 1
5221 6967 1
5221 6974 1
5221 6979 1
5221 6980 1
5221 6996 1
5221 6999 1
5221 7001 1
5221 7004 1
5221 7005 1
5221 7007 1
5221 7009 1
5221 7014 1
5221 7016 1
5221 7019 1
5221 7021 1
5221 7023 1
5221 7024 1
5221 7026 1
5221 7029 1
5221 7031 1
5221 7034 1
5221 7039 1
5221 7048 1
5221 7052 1
5221 7054 1
5221 7062 1
5221 7063 1
5221 7066 1
5221 7067 1
5221 7069 1
5221 7072 1
5221 7080 1
5221 7083 1
5221 7084 1
5221 7087 1
5221 7093 1
5221 7103 1
5221 7109 1
5221 7121 1
5221 7129 1
5221 7130 1
5221 7135 1
5221 7137 1
5221 7139 1
5221 7155 1
5221 7166 1
5221 7169 1
5221 7173 1
5221 7174 1
5221 7176 1
5221 7178 1
5221 7186 1
5221 7224 1
5221 7233 1
5221 7293 1
5221 7430 1
5221 7433 1
5221 7470 1
5221 7753 1
5221 7930 1
5221 8016 1
5221 8035 1
5221 8042 1
5221 8081 1
5221 8096 1
5221 8104 1
5221 8145 1
5221 8147 1
5221 8154 1
5221 8160 1
5221 8165 1
5221 8170 1
5221 8175 1
5221 8178 1
5221 8187 1
5221 8189 1
5221 8197 1
5226 5221 1
5226 5226 1
5226 5228 1
5226 5244 1
5226 5345 1
5228 5221 1
5228 5228 1
5228 5230 1
5228 5232 1
5228 5233 1
5228 5239 1
5228 5240 1
5228 5242 1
5228 5244 1
5228 5247 1
5228 5248 1
5228 5249 1
5228 5255 1
5228 5256 1
5228 5258 1
5228 5264 1
5228 5271 1
5228 5272 1
5228 5277 1
5228 5283 1
5228 5288 1
5228 5291 1
5228 5294 1
5228 5301 1
5228 5303 1
5228 5304 1
5228 5308 1
5228 5309 1
5228 5311 1
5228 5315 1
5228 5316 1
5228 5320 1
5228 5322 1
5228 5324 1
5228 5332 1
5228 5333 1
5228 5334 1
5228 5339 1
5228 5342 1
5228 5343 1
5228 5345 1
5228 5348 1
5228 5349 1
5228 5362 1
5228 5364 1
5228 5369 1
5228 5370 1
5228 5379 1
5228 5385 1
5228 5393 1
5228 5399 1
5228 5403 1
5228 5409 1
5228 5411 1
5228 5412 1
5228 5413 1
5228 5415 1
5228 5418 1
5228 5429 1
5228 5431 1
5228 5439 1
5228 5440 1
5228 5445 1
5228 5452 1
5228 5468 1
5228 5484 1
5228 5485 1
5228 5487 1
5228 5492 1
5228 5494 1
5228 5496 1
5228 5498 1
5228 5513 1
5228 5530 1
5228 5560 1
5228 5563 1
5228 5565 1
5228 5573 1
5228 5575 1
5228 5578 1
5228 5588 1
5228 5597 1
5228 5603 1
5228 5604 1
5228 5616 1
5228 5617 1
5228 5626 1
5228 5630 1
5228 5653 1
5228 5658 1
5228 5669 1
5228 5670 1
5228 5673 1
5228 5675 1
5228 5677 1
5228 5678 1
5228 5680 1
5228 5681 1
5228 5682 1
5228 5689 1
5228 5721 1
5228 5723 1
5228 5726 1
5228 5731 1
5228 5748 1
5228 5762 1
5228 6740 1
5228 6741 1
5228 6742 1
5228 6744 1
5228 6745 1
5228 6746 1
5228 6747 1
5228 6750 1
5228 6752 1
5228 6753 1
5228 6755 1
5228 6756 1
5228 6757 1
5228 6760 1
5228 6768 1
5228 6769 1
5228 6773 1
5228 6776 1
5228 6782 1
5228 6783 1
5228 6786 1
5228 6787 1
5228 6788 1
5228 6796 1
5228 6799 1
5228 6802 1
5228 6803 1
5228 6804 1
5228 6814 1
5228 6815 1
5228 6816 1
5228 6825 1
5228 6828 1
5228 6841 1
5228 6843 1
5228 6844 1
5228 6852 1
5228 6858 1
5228 6864 1
5228 6865 1
5228 6866 1
5228 6876 1
5228 6884 1
5228 6899 1
5228 6907 1
5228 6913 1
5228 6933 1
5228 6935 1
5228 6950 1
5228 6955 1
5228 6960 1
5228 6967 1
5228 6975 1
5228 7004 1
5228 7005 1
5228 7010 1
5228 7049 1
5228 7057 1
5232 5221 1
5232 5226 1
5232 5228 1
5232 5231 1
5232 5232 1
5232 5236 1
5232 5240 1
5232 5242 1
5232 5243 1
5232 5245 1
5232 5256 1
5232 5262 1
5232 5267 1
5232 5268 1
5232 5270 1
5232 5272 1
5232 5273 1
5232 5281 1
5232 5284 1
5232 5288 1
5232 5294 1
5232 5299 1
5232 5300 1
5232 5301 1
5232 5303 1
5232 5305 1
5232 5308 1
5232 5310 1
5232 5315 1
5232 5316 1
5232 5321 1
5232 5322 1
5232 5323 1
5232 5329 1
5232 5334 1
5232 5336 1
5232 5339 1
5232 5352 1
5232 5355 1
5232 5357 1
5232 5359 1
5232 5362 1
5232 5366 1
5232 5367 1
5232 5368 1
5232 5369 1
5232 5375 1
5232 5384 1
5232 5392 1
5232 5393 1
5232 5394 1
5232 5397 1
5232 5412 1
5232 5425 1
5232 5428 1
5232 5433 1
5232 5435 1
5232 5440 1
5232 5441 1
5232 5442 1
5232 5443 1
5232 5444 1
5232 5447 1
5232 5448 1
5232 5450 1
5232 5453 1
5232 5456 1
5232 5462 1
5232 5466 1
5232 5470 1
5232 5473 1
5232 5474 1
5232 5476 1
5232 5478 1
5232 5482 1
5232 5488 1
5232 5493 1
5232 5507 1
5232 5510 1
5232 5514 1
5232 5517 1
5232 5518 1
5232 5519 1
5232 5522 1
5232 5524 1
5232 5527 1
5232 5528 1
5232 5529 1
5232 5536 1
5232 5541 1
5232 5542 1
5232 5559 1
5232 5575 1
5232 5576 1
5232 5580 1
5232 5588 1
5232 5590 1
5232 5596 1
5232 5622 1
5232 5634 1
5232 5637 1
5232 5646 1
5232 5647 1
5232 5648 1
5232 5651 1
5232 5653 1
5232 5668 1
5232 5669 1
5232 5670 1
5232 5673 1
5232 5675 1
5232 5683 1
5232 5686 1
5232 5701 1
5232 5702 1
5232 5704 1
5232 5712 1
5232 5713 1
5232 5723 1
5232 5724 1
5232 5728 1
5232 5742 1
5232 5744 1
5232 5749 1
5232 5750 1
5232 5752 1
5232 5767 1
5232 5788 1
5232 5794 1
5232 5796 1
5232 5808 1
5232 5837 1
5232 5842 1
5232 5847 1
5232 5945 1
5232 6021 1
5232 6745 1
5232 6749 1
5232 6754 1
5232 6758 1
5232 6761 1
5232 6762 1
5232 6766 1
5232 6769 1
5232 6770 1
5232 6775 1
5232 6777 1
5232 6781 1
5232 6785 1
5232 6786 1
5232 6789 1
5232 6805 1
5232 6817 1
5232 6818 1
5232 6825 1
5232 6828 1
5232 6834 1
5232 6835 1
5232 6841 1
5232 6848 1
5232 6863 1
5232 6869 1
5232 6873 1
5232 6885 1
5232 6890 1
5232 6895 1
5232 6898 1
5232 6899 1
5232 6905 1
5232 6916 1
5232 6923 1
5232 6934 1
5232 6935 1
5232 6937 1
5232 6942 1
5232 6943 1
5232 6946 1
5232 6956 1
5232 6962 1
5232 6971 1
5232 6973 1
5232 6976 1
5232 6980 1
5232 6997 1
5232 6998 1
5232 7001 1
5232 7002 1
5232 7009 1
5232 7015 1
5232 7019 1
5232 7026 1
5232 7032 1
5232 7037 1
5232 7040 1
5232 7048 1
5232 7051 1
5232 7061 1
5232 7085 1
5232 7086 1
5232 7100 1
5232 7103 1
5232 7191 1
5232 7199 1
5232 7233 1
5232 7271 1
5232 7276 1
5232 7277 1
5232 7278 1
5232 7328 1
5232 7357 1
5232 7358 1
5232 7376 1
5234 5235 1
5235 5279 1
5236 5221 1
5236 5240 1
5236 5279 1
5239 5240 1
5240 5221 1
5240 5232 1
5240 5238 1
5240 5239 1
5240 5240 1
5240 5257 1
5240 5288 1
5240 5292 1
5240 5294 1
5240 5301 1
5240 5303 1
5240 5308 1
5240 5310 1
5240 5316 1
5240 5322 1
5240 5339 1
5240 5341 1
5240 5343 1
5240 5351 1
5240 5362 1
5240 5371 1
5240 5373 1
5240 5374 1
5240 5378 1
5240 5387 1
5240 5389 1
5240 5390 1
5240 5396 1
5240 5397 1
5240 5398 1
5240 5407 1
5240 5423 1
5240 5425 1
5240 5440 1
5240 5445 1
5240 5446 1
5240 5454 1
5240 5460 1
5240 5461 1
5240 5473 1
5240 5477 1
5240 5487 1
5240 5488 1
5240 5491 1
5240 5492 1
5240 5500 1
5240 5503 1
5240 5505 1
5240 5511 1
5240 5512 1
5240 5522 1
5240 5525 1
5240 5538 1
5240 5539 1
5240 5553 1
5240 5554 1
5240 5556 1
5240 5557 1
5240 5560 1
5240 5562 1
5240 5564 1
5240 5566 1
5240 5576 1
5240 5578 1
5240 5580 1
5240 5581 1
5240 5583 1
5240 5588 1
5240 5596 1
5240 5602 1
5240 5605 1
5240 5607 1
5240 5611 1
5240 5613 1
5240 5615 1
5240 5618 1
5240 5621 1
5240 5623 1
5240 5626 1
5240 5627 1
5240 5628 1
5240 5629 1
5240 5634 1
5240 5638 1
5240 5646 1
5240 5651 1
5240 5653 1
5240 5664 1
5240 5667 1
5240 5670 1
5240 5671 1
5240 5673 1
5240 5675 1
5240 5677 1
5240 5679 1
5240 5682 1
5240 5685 1
5240 5687 1
5240 5688 1
5240 5698 1
5240 5699 1
5240 5706 1
5240 5707 1
5240 5710 1
5240 5712 1
5240 5713 1
5240 5726 1
5240 5733 1
5240 5734 1
5240 5735 1
5240 5736 1
5240 5742 1
5240 5747 1
5240 5751 1
5240 5753 1
5240 5754 1
5240 5756 1
5240 5757 1
5240 5759 1
5240 5763 1
5240 5766 1
5240 5769 1
5240 5770 1
5240 5771 1
5240 5778 1
5240 5779 1
5240 5780 1
5240 5782 1
5240 5783 1
5240 5788 1
5240 5791 1
5240 5794 1
5240 5795 1
5240 5796 1
5240 5798 1
5240 5800 1
5240 5802 1
5240 5804 1
5240 5805 1
5240 5807 1
5240 5810 1
5240 5821 1
5240 5826 1
5240 5827 1
5240 5830 1
5240 5831 1
5240 5833 1
5240 5834 1
5240 5837 1
5240 5838 1
5240 5844 1
5240 5846 1
5240 5847 1
5240 5848 1
5240 5851 1
5240 5855 1
5240 5857 1
5240 5860 1
5240 5862 1
5240 5863 1
5240 5866 1
5240 5869 1
5240 5872 1
5240 5874 1
5240 5879 1
5240 5882 1
5240 5885 1
5240 5888 1
5240 5890 1
5240 5891 1
5240 5892 1
5240 5894 1
5240 5896 1
5240 5902 1
5240 5907 1
5240 5910 1
5240 5913 1
5240 5915 1
5240 5916 1
5240 5917 1
5240 5920 1
5240 5921 1
5240 5922 1
5240 5923 1
5240 5925 1
5240 5926 1
5240 5927 1
5240 5928 1
5240 5930 1
5240 5933 1
5240 5935 1
5240 5936 1
5240 5938 1
5240 5939 1
5240 5940 1
5240 5941 1
5240 5944 1
5240 5945 1
5240 5958 1
5240 5976 1
5240 5978 1
5240 5983 1
5240 5984 1
5240 5990 1
5240 5996 1
5240 5997 1
5240 6000 1
5240 6003 1
5240 6009 1
5240 6010 1
5240 6015 1
5240 6019 1
5240 6021 1
5240 6032 1
5240 6033 1
5240 6037 1
5240 6039 1
5240 6043 1
5240 6044 1
5240 6045 1
5240 6046 1
5240 6047 1
5240 6048 1
5240 6051 1
5240 6054 1
5240 6055 1
5240 6058 1
5240 6060 1
5240 6061 1
5240 6066 1
5240 6068 1
5240 6070 1
5240 6075 1
5240 6076 1
5240 6079 1
5240 6080 1
5240 6094 1
5240 6098 1
5240 6102 1
5240 6103 1
5240 6106 1
5240 6111 1
5240 6112 1
5240 6113 1
5240 6114 1
5240 6115 1
5240 6116 1
5240 6117 1
5240 6118 1
5240 6119 1
5240 6122 1
5240 6123 1
5240 6124 1
5240 6126 1
5240 6127 1
5240 6128 1
5240 6129 1
5240 6132 1
5240 6134 1
5240 6135 1
5240 6137 1
5240 6138 1
5240 6139 1
5240 6144 1
5240 6146 1
5240 6147 1
5240 6158 1
5240 6161 1
5240 6164 1
5240 6167 1
5240 6169 1
5240 6172 1
5240 6184 1
5240 6189 1
5240 6194 1
5240 6197 1
5240 6200 1
5240 6201 1
5240 6202 1
5240 6203 1
5240 6205 1
5240 6215 1
5240 6216 1
5240 6219 1
5240 6221 1
5240 6223 1
5240 6225 1
5240 6229 1
5240 6230 1
5240 6231 1
5240 6239 1
5240 6240 1
5240 6241 1
5240 6242 1
5240 6244 1
5240 6247 1
5240 6248 1
5240 6250 1
5240 6251 1
5240 6253 1
5240 6255 1
5240 6257 1
5240 6261 1
5240 6262 1
5240 6263 1
5240 6264 1
5240 6266 1
5240 6267 1
5240 6268 1
5240 6269 1
5240 6270 1
5240 6272 1
5240 6274 1
5240 6276 1
5240 6280 1
5240 6282 1
5240 6285 1
5240 6286 1
5240 6288 1
5240 6289 1
5240 6291 1
5240 6325 1
5240 6331 1
5240 6332 1
5240 6334 1
5240 6335 1
5240 6336 1
5240 6338 1
5240 6339 1
5240 6341 1
5240 6346 1
5240 6347 1
5240 6352 1
5240 6353 1
5240 6354 1
5240 6355 1
5240 6360 1
5240 6361 1
5240 6363 1
5240 6364 1
5240 6365 1
5240 6366 1
5240 6367 1
5240 6368 1
5240 6369 1
5240 6371 1
5240 6372 1
5240 6374 1
5240 6375 1
5240 6376 1
5240 6380 1
5240 6382 1
5240 6383 1
5240 6384 1
5240 6385 1
5240 6386 1
5240 6387 1
5240 6392 1
5240 6393 1
5240 6394 1
5240 6398 1
5240 6400 1
5240 6402 1
5240 6409 1
5240 6410 1
5240 6411 1
5240 6412 1
5240 6413 1
5240 6416 1
5240 6417 1
5240 6418 1
5240 6419 1
5240 6420 1
5240 6421 1
5240 6423 1
5240 6426 1
5240 6428 1
5240 6430 1
5240 6431 1
5240 6448 1
5240 6463 1
5240 6465 1
5240 6466 1
5240 6467 1
5240 6468 1
5240 6469 1
5240 6470 1
5240 6471 1
5240 6487 1
5240 6489 1
5240 6490 1
5240 6491 1
5240 6494 1
5240 6503 1
5240 6504 1
5240 6506 1
5240 6509 1
5240 6510 1
5240 6511 1
5240 6512 1
5240 6513 1
5240 6514 1
5240 6515 1
5240 6517 1
5240 6519 1
5240 6522 1
5240 6527 1
5240 6529 1
5240 6530 1
5240 6531 1
5240 6532 1
5240 6533 1
5240 6538 1
5240 6540 1
5240 6543 1
5240 6544 1
5240 6545 1
5240 6547 1
5240 6548 1
5240 6550 1
5240 6551 1
5240 6553 1
5240 6557 1
5240 6560 1
5240 6563 1
5240 6566 1
5240 6568 1
5240 6573 1
5240 6574 1
5240 6576 1
5240 6579 1
5240 6583 1
5240 6740 1
5240 6743 1
5240 6745 1
5240 6754 1
5240 6766 1
5240 6777 1
5240 6782 1
5240 6786 1
5240 6792 1
5240 6793 1
5240 6794 1
5240 6795 1
5240 6797 1
5240 6800 1
5240 6806 1
5240 6807 1
5240 6808 1
5240 6813 1
5240 6819 1
5240 6820 1
5240 6821 1
5240 6825 1
5240 6830 1
5240 6831 1
5240 6837 1
5240 6840 1
5240 6843 1
5240 6844 1
5240 6845 1
5240 6846 1
5240 6849 1
5240 6850 1
5240 6853 1
5240 6854 1
5240 6855 1
5240 6859 1
5240 6860 1
5240 6861 1
5240 6862 1
5240 6880 1
5240 6895 1
5240 6896 1
5240 6899 1
5240 6958 1
5240 6961 1
5240 6979 1
5240 6985 1
5240 6994 1
5240 6996 1
5240 6999 1
5240 7011 1
5240 7013 1
5240 7021 1
5240 7026 1
5240 7030 1
5240 7032 1
5240 7033 1
5240 7034 1
5240 7039 1
5240 7042 1
5240 7044 1
5240 7045 1
5240 7048 1
5240 7049 1
5240 7054 1
5240 7057 1
5240 7067 1
5240 7068 1
5240 7069 1
5240 7071 1
5240 7072 1
5240 7076 1
5240 7077 1
5240 7084 1
5240 7088 1
5240 7095 1
5240 7105 1
5240 7109 1
5240 7113 1
5240 7115 1
5240 7129 1
5240 7130 1
5240 7131 1
5240 7133 1
5240 7140 1
5240 7143 1
5240 7145 1
5240 7170 1
5240 7173 1
5240 7178 1
5240 7182 1
5240 7188 1
5240 7189 1
5240 7191 1
5240 7194 1
5240 7198 1
5240 7201 1
5240 7202 1
5240 7205 1
5240 7211 1
5240 7212 1
5240 7217 1
5240 7222 1
5240 7232 1
5240 7233 1
5240 7236 1
5240 7237 1
5240 7238 1
5240 7244 1
5240 7247 1
5240 7249 1
5240 7250 1
5240 7252 1
5240 7271 1
5240 7284 1
5240 7287 1
5240 7292 1
5240 7297 1
5240 7298 1
5240 7299 1
5240 7303 1
5240 7305 1
5240 7308 1
5240 7309 1
5240 7310 1
5240 7311 1
5240 7316 1
5240 7318 1
5240 7322 1
5240 7323 1
5240 7324 1
5240 7328 1
5240 7342 1
5240 7343 1
5240 7344 1
5240 7349 1
5240 7351 1
5240 7353 1
5240 7357 1
5240 7365 1
5240 7366 1
5240 7372 1
5240 7374 1
5240 7376 1
5240 7380 1
5240 7383 1
5240 7385 1
5240 7390 1
5240 7397 1
5240 7401 1
5240 7403 1
5240 7405 1
5240 7410 1
5240 7411 1
5240 7413 1
5240 7414 1
5240 7415 1
5240 7416 1
5240 7417 1
5240 7418 1
5240 7420 1
5240 7423 1
5240 7424 1
5240 7696 1
5242 5228 1
5243 5232 1
5244 5226 1
5250 5228 1
5251 5228 1
5251 5251 1
5257 5221 1
5258 5221 1
5260 5221 1
5262 5261 1
5272 5232 1
5272 5273 1
5273 5272 1
5275 5267 1
5279 5221 1
5280 5279 1
5282 5228 1
5282 5232 1
5282 5240 1
5282 5277 1
5282 5287 1
5282 5292 1
5285 5284 1
5285 5286 1
5288 5221 1
5288 5232 1
5288 5240 1
5288 5301 1
5288 5497 1
5288 5651 1
5288 5691 1
5294 5221 1
5294 5293 1
5294 5294 1
5294 5339 1
5294 5411 1
5294 5530 1
5294 5646 1
5294 5694 1
5294 5696 1
5294 5697 1
5294 7117 1
5295 5232 1
5295 5292 1
5297 5221 1
5299 5221 1
5299 5232 1
5301 5221 1
5301 5228 1
5301 5232 1
5301 5240 1
5301 5288 1
5301 5301 1
5301 5318 1
5301 5343 1
5301 5371 1
5301 5440 1
5301 5488 1
5301 5591 1
5301 5659 1
5301 5675 1
5301 5715 1
5301 6741 1
5301 6761 1
5301 6884 1
5301 6893 1
5301 7022 1
5303 5228 1
5303 5294 1
5303 5303 1
5303 5371 1
5303 5948 1
5303 6023 1
5303 6371 1
5303 7713 1
5305 5232 1
5310 5240 1
5310 5991 1
5315 5240 1
5315 5314 1
5315 5315 1
5315 5322 1
5315 5338 1
5315 5411 1
5315 5427 1
5315 5431 1
5315 5464 1
5315 5469 1
5315 5481 1
5315 5486 1
5315 5506 1
5315 5515 1
5315 5598 1
5315 5626 1
5315 5628 1
5315 5648 1
5315 5655 1
5315 5666 1
5315 5692 1
5315 5693 1
5315 5696 1
5315 5706 1
5315 5777 1
5315 5789 1
5315 5800 1
5315 5828 1
5315 5833 1
5315 5836 1
5315 5944 1
5315 5945 1
5315 5967 1
5315 5981 1
5315 5982 1
5315 5991 1
5315 6023 1
5315 6051 1
5315 6065 1
5315 6103 1
5315 6153 1
5315 6204 1
5315 6217 1
5315 6254 1
5315 6283 1
5315 6299 1
5315 6315 1
5315 6351 1
5315 6372 1
5315 6381 1
5315 6396 1
5315 6408 1
5315 6416 1
5315 6417 1
5315 6424 1
5315 6441 1
5315 6444 1
5315 6453 1
5315 6465 1
5315 6471 1
5315 6484 1
5315 6504 1
5315 6520 1
5315 6552 1
5315 6570 1
5315 6610 1
5315 6615 1
5315 6632 1
5315 6639 1
5315 6640 1
5315 6641 1
5315 6646 1
5315 6649 1
5315 6657 1
5315 6668 1
5315 7024 1
5315 7121 1
5315 7250 1
5315 7351 1
5315 7353 1
5315 7405 1
5315 7509 1
5315 7541 1
5315 7669 1
5315 7897 1
5315 7901 1
5315 8019 1
5315 8025 1
5317 5221 1
5321 5232 1
5329 5232 1
5332 5221 1
5339 5221 1
5339 5228 1
5339 5232 1
5339 5240 1
5339 5294 1
5339 5301 1
5339 5339 1
5339 5544 1
5339 5636 1
5339 5646 1
5339 5653 1
5339 5675 1
5339 6104 1
5339 6745 1
5339 6755 1
5339 6774 1
5339 6786 1
5339 6809 1
5339 6814 1
5339 6825 1
5339 6880 1
5339 6898 1
5339 6935 1
5339 6991 1
5339 6999 1
5339 7048 1
5339 7066 1
5339 7087 1
5339 7091 1
5339 7103 1
5340 5221 1
5343 5221 1
5343 5232 1
5343 5240 1
5343 5294 1
5343 5301 1
5343 5343 1
5343 5362 1
5343 5371 1
5343 5419 1
5343 5421 1
5343 5422 1
5343 5424 1
5343 5425 1
5343 5437 1
5343 5453 1
5343 5549 1
5343 5580 1
5343 5588 1
5343 5607 1
5343 5618 1
5343 5628 1
5343 5631 1
5343 5653 1
5343 5714 1
5343 5735 1
5343 5747 1
5343 5761 1
5343 5766 1
5343 5772 1
5343 5780 1
5343 5786 1
5343 5805 1
5343 5830 1
5343 5853 1
5343 5859 1
5343 5928 1
5343 5931 1
5343 5945 1
5343 6046 1
5343 6116 1
5343 6489 1
5343 6516 1
5343 6523 1
5343 6534 1
5343 6786 1
5343 6918 1
5343 6936 1
5343 6989 1
5343 7044 1
5343 7186 1
5343 7468 1
5343 7543 1
5345 5221 1
5347 5221 1
5348 5221 1
5348 5228 1
5350 5228 1
5352 5228 1
5352 5232 1
5361 5360 1
5362 5221 1
5362 5228 1
5362 5232 1
5362 5240 1
5362 5343 1
5362 5361 1
5362 5554 1
5362 5646 1
5362 5673 1
5362 5788 1
5362 5835 1
5362 5837 1
5362 5901 1
5362 6046 1
5362 6755 1
5362 7080 1
5362 7140 1
5362 7164 1
5367 5232 1
5368 5232 1
5368 5785 1
5370 5768 1
5371 5221 1
5371 5232 1
5371 5240 1
5371 5301 1
5371 5303 1
5371 5362 1
5371 5370 1
5371 5371 1
5371 5407 1
5371 5522 1
5371 5588 1
5371 5646 1
5371 5651 1
5371 5653 1
5371 5677 1
5371 5742 1
5371 5743 1
5371 5763 1
5371 5794 1
5371 5819 1
5371 5820 1
5371 5842 1
5371 5855 1
5371 5867 1
5371 5887 1
5371 5906 1
5371 5943 1
5371 5945 1
5371 5948 1
5371 5950 1
5371 5964 1
5371 5972 1
5371 5977 1
5371 5979 1
5371 5988 1
5371 5991 1
5371 6005 1
5371 6011 1
5371 6020 1
5371 6021 1
5371 6033 1
5371 6040 1
5371 6046 1
5371 6053 1
5371 6055 1
5371 6085 1
5371 6105 1
5371 6106 1
5371 6122 1
5371 6123 1
5371 6134 1
5371 6161 1
5371 6179 1
5371 6211 1
5371 6213 1
5371 6243 1
5371 6261 1
5371 6263 1
5371 6314 1
5371 6352 1
5371 6363 1
5371 6372 1
5371 6375 1
5371 6387 1
5371 6402 1
5371 6405 1
5371 6410 1
5371 6412 1
5371 6418 1
5371 6421 1
5371 6422 1
5371 6428 1
5371 6429 1
5371 6442 1
5371 6443 1
5371 6465 1
5371 6467 1
5371 6469 1
5371 6471 1
5371 6478 1
5371 6485 1
5371 6486 1
5371 6487 1
5371 6488 1
5371 6489 1
5371 6490 1
5371 6491 1
5371 6498 1
5371 6506 1
5371 6507 1
5371 6515 1
5371 6529 1
5371 6531 1
5371 6534 1
5371 6537 1
5371 6540 1
5371 6542 1
5371 6543 1
5371 6551 1
5371 6553 1
5371 6558 1
5371 6564 1
5371 6569 1
5371 6570 1
5371 6571 1
5371 6577 1
5371 6586 1
5371 6587 1
5371 6593 1
5371 6595 1
5371 6600 1
5371 6601 1
5371 6605 1
5371 6611 1
5371 6622 1
5371 6624 1
5371 6628 1
5371 6630 1
5371 6636 1
5371 6640 1
5371 6644 1
5371 6653 1
5371 6657 1
5371 6664 1
5371 6674 1
5371 6676 1
5371 6680 1
5371 6728 1
5371 6755 1
5371 6880 1
5371 6899 1
5371 7000 1
5371 7026 1
5371 7029 1
5371 7053 1
5371 7062 1
5371 7066 1
5371 7091 1
5371 7092 1
5371 7114 1
5371 7233 1
5371 7284 1
5371 7299 1
5371 7332 1
5371 7351 1
5371 7362 1
5371 7365 1
5371 7367 1
5371 7389 1
5371 7426 1
5371 7434 1
5371 7466 1
5371 7471 1
5371 7473 1
5371 7475 1
5371 7482 1
5371 7487 1
5371 7501 1
5371 7503 1
5371 7507 1
5371 7517 1
5371 7524 1
5371 7529 1
5371 7530 1
5371 7535 1
5371 7536 1
5371 7537 1
5371 7539 1
5371 7541 1
5371 7546 1
5371 7550 1
5371 7552 1
5371 7553 1
5371 7564 1
5371 7568 1
5371 7570 1
5371 7572 1
5371 7578 1
5371 7583 1
5371 7585 1
5371 7593 1
5371 7594 1
5371 7598 1
5371 7601 1
5371 7605 1
5371 7606 1
5371 7610 1
5371 7611 1
5371 7614 1
5371 7617 1
5371 7619 1
5371 7626 1
5371 7628 1
5371 7634 1
5371 7635 1
5371 7641 1
5371 7645 1
5371 7653 1
5371 7655 1
5371 7657 1
5371 7659 1
5371 7665 1
5371 7669 1
5371 7673 1
5371 7677 1
5371 7681 1
5371 7683 1
5371 7685 1
5371 7688 1
5371 7691 1
5371 7692 1
5371 7693 1
5371 7694 1
5371 7697 1
5371 7698 1
5371 7706 1
5371 7707 1
5371 7714 1
5371 7716 1
5371 7718 1
5371 7725 1
5371 7727 1
5371 7743 1
5371 7752 1
5371 7753 1
5371 7754 1
5371 7768 1
5371 7772 1
5371 7780 1
5371 7785 1
5371 7786 1
5371 7792 1
5371 7796 1
5371 7801 1
5371 7803 1
5371 7805 1
5371 7823 1
5371 7824 1
5371 7832 1
5371 7838 1
5371 7845 1
5371 7852 1
5371 7878 1
5371 7879 1
5371 7880 1
5371 7886 1
5371 7887 1
5371 7901 1
5371 7905 1
5371 7912 1
5371 7913 1
5371 7919 1
5371 7925 1
5371 7927 1
5371 7930 1
5371 7932 1
5371 7933 1
5371 7935 1
5371 7943 1
5371 7945 1
5371 7950 1
5371 7952 1
5371 7960 1
5371 7963 1
5371 7964 1
5371 7967 1
5371 7968 1
5371 7971 1
5371 7973 1
5371 7975 1
5371 7977 1
5371 7978 1
5371 7983 1
5371 7985 1
5371 7989 1
5371 7990 1
5371 7994 1
5371 7998 1
5371 7999 1
5371 8002 1
5371 8003 1
5371 8006 1
5371 8007 1
5371 8010 1
5371 8016 1
5371 8026 1
5371 8032 1
5371 8033 1
5371 8034 1
5371 8035 1
5371 8037 1
5371 8039 1
5371 8040 1
5371 8051 1
5371 8053 1
5371 8055 1
5371 8056 1
5371 8058 1
5371 8059 1
5371 8061 1
5371 8065 1
5371 8073 1
5371 8081 1
5371 8082 1
5371 8083 1
5371 8086 1
5371 8088 1
5371 8096 1
5371 8097 1
5371 8104 1
5371 8106 1
5371 8109 1
5371 8110 1
5371 8115 1
5371 8120 1
5371 8124 1
5371 8132 1
5371 8135 1
5371 8136 1
5371 8140 1
5371 8144 1
5371 8145 1
5371 8147 1
5371 8149 1
5371 8150 1
5371 8152 1
5371 8154 1
5371 8161 1
5371 8164 1
5371 8165 1
5371 8167 1
5371 8169 1
5371 8170 1
5371 8173 1
5371 8175 1
5371 8178 1
5371 8181 1
5371 8186 1
5371 8189 1
5371 8193 1
5371 8195 1
5371 8196 1
5371 8199 1
5371 8201 1
5371 8206 1
5371 8212 1
5371 8217 1
5371 8221 1
5371 8224 1
5371 8226 1
5371 8227 1
5371 8228 1
5371 8229 1
5371 8232 1
5371 8234 1
5371 8235 1
5371 8236 1
5371 8253 1
5371 8258 1
5371 8259 1
5371 8273 1
5371 8275 1
5371 8280 1
5371 8282 1
5371 8283 1
5371 8286 1
5371 8292 1
5371 8295 1
5371 8299 1
5371 8303 1
5371 8305 1
5371 8311 1
5371 8313 1
5371 8314 1
5371 8315 1
5371 8320 1
5371 8330 1
5371 8332 1
5371 8333 1
5371 8337 1
5371 8338 1
5380 5221 1
5380 5380 1
5384 5383 1
5384 5462 1
5388 5422 1
5389 5221 1
5389 5232 1
5389 5240 1
5389 5623 1
5394 5221 1
5397 5221 1
5397 5232 1
5397 5240 1
5397 5397 1
5400 5399 1
5400 5463 1
5400 5466 1
5400 5484 1
5400 5499 1
5400 5520 1
5401 5221 1
5402 5221 1
5407 5240 1
5409 5228 1
5411 5221 1
5411 5228 1
5411 5409 1
5411 5416 1
5416 5221 1
5423 5423 1
5425 5221 1
5425 5240 1
5425 5343 1
5426 5343 1
5435 5232 1
5435 5433 1
5439 5228 1
5440 5221 1
5440 5228 1
5440 5232 1
5440 5240 1
5440 5440 1
5440 5653 1
5440 6769 1
5440 6839 1
5440 6884 1
5440 6899 1
5440 6908 1
5440 6986 1
5440 7009 1
5440 7406 1
5441 5232 1
5453 5343 1
5453 5453 1
5464 5315 1
5466 5400 1
5470 5436 1
5470 5470 1
5471 5321 1
5471 5511 1
5474 5232 1
5476 5232 1
5479 5221 1
5484 5221 1
5484 5228 1
5484 5301 1
5484 5400 1
5484 5483 1
5485 5221 1
5485 5228 1
5485 5735 1
5488 5232 1
5488 5240 1
5488 5794 1
5492 5530 1
5501 5501 1
5505 5221 1
5517 5221 1
5517 5517 1
5519 5519 1
5522 5232 1
5522 5371 1
5522 5529 1
5529 5522 1
5532 5221 1
5535 5301 1
5536 5301 1
5537 5240 1
5538 5232 1
5538 5240 1
5540 5539 1
5541 5548 1
5542 5221 1
5545 5221 1
5546 5545 1
5548 5541 1
5554 5221 1
5557 5240 1
5559 5557 1
5560 5240 1
5560 5558 1
5568 5824 1
5570 5569 1
5570 5570 1
5570 5945 1
5570 8096 1
5570 8192 1
5570 8303 1
5570 8321 1
5570 8330 1
5570 8342 1
5570 8347 1
5570 8352 1
5570 8355 1
5571 5221 1
5571 5232 1
5574 5221 1
5574 5228 1
5579 5578 1
5580 5232 1
5580 5343 1
5580 5525 1
5581 5221 1
5581 5240 1
5588 5221 1
5588 5232 1
5588 5240 1
5588 5343 1
5588 5371 1
5588 5588 1
5588 5788 1
5588 5837 1
5588 5842 1
5588 5948 1
5588 5991 1
5596 5662 1
5606 5221 1
5610 5609 1
5613 5240 1
5615 5221 1
5618 5221 1
5626 5240 1
5626 5315 1
5627 5240 1
5634 5232 1
5637 5232 1
5637 5637 1
5640 5221 1
5642 5228 1
5646 5221 1
5646 5232 1
5646 5240 1
5646 5362 1
5646 5371 1
5646 5646 1
5646 5653 1
5646 5948 1
5646 6021 1
5646 7433 1
5647 5221 1
5647 5232 1
5648 5221 1
5648 5232 1
5648 5315 1
5648 6082 1
5648 6327 1
5648 6375 1
5651 5221 1
5651 5240 1
5651 5653 1
5651 5673 1
5651 5842 1
5651 5934 1
5651 5944 1
5651 6021 1
5651 6361 1
5651 6519 1
5651 6543 1
5651 7137 1
5651 7233 1
5651 7727 1
5651 7736 1
5651 7740 1
5651 7768 1
5653 5221 1
5653 5228 1
5653 5232 1
5653 5238 1
5653 5240 1
5653 5339 1
5653 5343 1
5653 5371 1
5653 5440 1
5653 5588 1
5653 5646 1
5653 5651 1
5653 5653 1
5653 5742 1
5653 5763 1
5653 5842 1
5653 5847 1
5653 5867 1
5653 5944 1
5653 5945 1
5653 5948 1
5653 5956 1
5653 5986 1
5653 5991 1
5653 6021 1
5653 6034 1
5653 6046 1
5653 6055 1
5653 6062 1
5653 6179 1
5653 6181 1
5653 6213 1
5653 6300 1
5653 6319 1
5653 6324 1
5653 6371 1
5653 6476 1
5653 6755 1
5653 6880 1
5653 6945 1
5653 7233 1
5653 7255 1
5653 7314 1
5653 7330 1
5653 7544 1
5653 7584 1
5653 7991 1
5653 8028 1
5653 8039 1
5653 8159 1
5653 8170 1
5653 8212 1
5660 5221 1
5663 5596 1
5664 5232 1
5669 5221 1
5669 5232 1
5669 5669 1
5669 6751 1
5670 5221 1
5670 5675 1
5671 5371 1
5673 5221 1
5673 5228 1
5673 5232 1
5673 5240 1
5673 5371 1
5673 5651 1
5673 5653 1
5673 5673 1
5673 6759 1
5673 6979 1
5673 7074 1
5675 5221 1
5675 5232 1
5675 5301 1
5675 5308 1
5675 5339 1
5675 5670 1
5675 5675 1
5675 6745 1
5675 6770 1
5675 6785 1
5675 6853 1
5675 6895 1
5675 6899 1
5675 6939 1
5675 6970 1
5677 5221 1
5677 5228 1
5677 5901 1
5677 6890 1
5686 5221 1
5686 5232 1
5691 5651 1
5705 5315 1
5708 5240 1
5708 5653 1
5708 5708 1
5708 5722 1
5708 5805 1
5708 5832 1
5708 5855 1
5708 5857 1
5708 5880 1
5708 5896 1
5708 5989 1
5708 6046 1
5708 6049 1
5708 6056 1
5708 6130 1
5708 6275 1
5708 6335 1
5708 6345 1
5708 6397 1
5708 6403 1
5708 6436 1
5708 7026 1
5708 7233 1
5708 7418 1
5708 7431 1
5708 7436 1
5713 5713 1
5723 5221 1
5723 5228 1
5725 5315 1
5728 5232 1
5735 5221 1
5735 5735 1
5735 5946 1
5739 5221 1
5740 5221 1
5742 5240 1
5744 5232 1
5747 5221 1
5747 5240 1
5747 5343 1
5752 5221 1
5752 5232 1
5753 5221 1
5753 5240 1
5754 5240 1
5755 5315 1
5763 5221 1
5763 5238 1
5763 5240 1
5763 5371 1
5763 5653 1
5763 5763 1
5763 5847 1
5763 5882 1
5763 5904 1
5763 5921 1
5763 6021 1
5763 6034 1
5763 6075 1
5763 6138 1
5763 6263 1
5763 6880 1
5763 7409 1
5765 5221 1
5765 5371 1
5765 8039 1
5766 5221 1
5766 5240 1
5766 5842 1
5766 7330 1
5769 5240 1
5775 5774 1
5777 5777 1
5777 6189 1
5781 5221 1
5783 5240 1
5783 5783 1
5783 5837 1
5784 5783 1
5785 5368 1
5788 5221 1
5788 5232 1
5788 5240 1
5788 5588 1
5788 5787 1
5788 5788 1
5788 5806 1
5788 5874 1
5788 7103 1
5790 5221 1
5790 5770 1
5792 5770 1
5792 5835 1
5794 5221 1
5794 5240 1
5794 5301 1
5794 5371 1
5794 5793 1
5794 6106 1
5794 6113 1
5794 7066 1
5794 7504 1
5796 5240 1
5802 5221 1
5802 5991 1
5805 5240 1
5813 5221 1
5814 5770 1
5816 5770 1
5820 5371 1
5827 5240 1
5831 5240 1
5834 5221 1
5834 5315 1
5834 5893 1
5837 5221 1
5837 5240 1
5837 5588 1
5837 5837 1
5837 5842 1
5837 5961 1
5842 5221 1
5842 5240 1
5842 5371 1
5842 5588 1
5842 5648 1
5842 5651 1
5842 5653 1
5842 5766 1
5842 5800 1
5842 5824 1
5842 5837 1
5842 5841 1
5842 5845 1
5842 5851 1
5842 5861 1
5842 5865 1
5842 5869 1
5842 5895 1
5842 5903 1
5842 5907 1
5842 5911 1
5842 5913 1
5842 5915 1
5842 5920 1
5842 5921 1
5842 5944 1
5842 5945 1
5842 5951 1
5842 5955 1
5842 5957 1
5842 5960 1
5842 5963 1
5842 5979 1
5842 5985 1
5842 5991 1
5842 6002 1
5842 6003 1
5842 6004 1
5842 6006 1
5842 6007 1
5842 6014 1
5842 6021 1
5842 6031 1
5842 6032 1
5842 6035 1
5842 6042 1
5842 6046 1
5842 6057 1
5842 6072 1
5842 6074 1
5842 6075 1
5842 6077 1
5842 6083 1
5842 6087 1
5842 6106 1
5842 6146 1
5842 6151 1
5842 6177 1
5842 6183 1
5842 6188 1
5842 6190 1
5842 6198 1
5842 6202 1
5842 6214 1
5842 6222 1
5842 6263 1
5842 6271 1
5842 6278 1
5842 6280 1
5842 6288 1
5842 6293 1
5842 6294 1
5842 6301 1
5842 6307 1
5842 6308 1
5842 6310 1
5842 6314 1
5842 6326 1
5842 6333 1
5842 6349 1
5842 6485 1
5842 6531 1
5842 6880 1
5842 6920 1
5842 7133 1
5842 7142 1
5842 7182 1
5842 7191 1
5842 7208 1
5842 7228 1
5842 7231 1
5842 7233 1
5842 7243 1
5842 7250 1
5842 7251 1
5842 7252 1
5842 7259 1
5842 7261 1
5842 7269 1
5842 7271 1
5842 7284 1
5842 7287 1
5842 7288 1
5842 7289 1
5842 7303 1
5842 7308 1
5842 7326 1
5842 7328 1
5842 7330 1
5842 7342 1
5842 7343 1
5842 7346 1
5842 7349 1
5842 7357 1
5842 7412 1
5842 7422 1
5842 7426 1
5842 7428 1
5842 7429 1
5842 7440 1
5842 7450 1
5842 7465 1
5842 7487 1
5842 7520 1
5842 7521 1
5842 7522 1
5842 7549 1
5842 7551 1
5842 7552 1
5842 7735 1
5842 7798 1
5846 5848 1
5847 5763 1
5848 5846 1
5848 5958 1
5849 5240 1
5851 5842 1
5855 5240 1
5855 5371 1
5857 5708 1
5861 5861 1
5864 5863 1
5865 5221 1
5867 5240 1
5867 5371 1
5867 5653 1
5867 5867 1
5867 5874 1
5867 5912 1
5867 5945 1
5867 6021 1
5867 6046 1
5867 6050 1
5867 6075 1
5867 6100 1
5867 6124 1
5867 6314 1
5867 6322 1
5867 6362 1
5867 6371 1
5867 6395 1
5867 6431 1
5867 6539 1
5867 6545 1
5867 7053 1
5867 7361 1
5867 7493 1
5867 7518 1
5867 7541 1
5867 7552 1
5867 7568 1
5867 7578 1
5867 7579 1
5867 7589 1
5867 7603 1
5867 7611 1
5867 7659 1
5867 7669 1
5867 7725 1
5867 7730 1
5867 7734 1
5867 7753 1
5867 7761 1
5867 7765 1
5867 7832 1
5867 7851 1
5867 7885 1
5867 7886 1
5867 7899 1
5867 7977 1
5867 8002 1
5867 8035 1
5867 8059 1
5869 5240 1
5869 5371 1
5869 5842 1
5869 5918 1
5869 6117 1
5873 5872 1
5874 5240 1
5874 5867 1
5877 5221 1
5877 5800 1
5877 6046 1
5877 7066 1
5877 7541 1
5877 7797 1
5882 5763 1
5882 5899 1
5882 6010 1
5882 6046 1
5883 5221 1
5897 5896 1
5897 5902 1
5897 5907 1
5901 5240 1
5901 5901 1
5901 5945 1
5901 6046 1
5901 6371 1
5901 6537 1
5901 6559 1
5901 6560 1
5901 6962 1
5901 7233 1
5901 7420 1
5901 7615 1
5901 7697 1
5901 7707 1
5901 7768 1
5901 7781 1
5901 7809 1
5901 7868 1
5901 7899 1
5901 7907 1
5901 7928 1
5901 8000 1
5901 8030 1
5901 8104 1
5902 5240 1
5902 5897 1
5904 5763 1
5909 5240 1
5909 6415 1
5909 7541 1
5913 5221 1
5913 5240 1
5913 5842 1
5913 5913 1
5915 5800 1
5915 5842 1
5915 5915 1
5916 5240 1
5918 5221 1
5921 5763 1
5921 5842 1
5922 5921 1
5924 5837 1
5927 5240 1
5928 5343 1
5933 5221 1
5933 5651 1
5933 5933 1
5934 5651 1
5934 6296 1
5936 5240 1
5940 5240 1
5944 6660 1
5945 5221 1
5945 5232 1
5945 5240 1
5945 5371 1
5945 5570 1
5945 5653 1
5945 5842 1
5945 5901 1
5945 5945 1
5945 5991 1
5945 6034 1
5945 6046 1
5945 6162 1
5945 6163 1
5945 6184 1
5945 6739 1
5945 6939 1
5945 6945 1
5945 7053 1
5945 7103 1
5945 7233 1
5945 7329 1
5945 7376 1
5948 5240 1
5948 5303 1
5948 5371 1
5948 5588 1
5948 5646 1
5948 5653 1
5948 5763 1
5948 5769 1
5948 5934 1
5948 5945 1
5948 5947 1
5948 5948 1
5948 6021 1
5948 6023 1
5948 6036 1
5948 6039 1
5948 6046 1
5948 6051 1
5948 6056 1
5948 6064 1
5948 6082 1
5948 6106 1
5948 6112 1
5948 6125 1
5948 6131 1
5948 6202 1
5948 6242 1
5948 6304 1
5948 6320 1
5948 6321 1
5948 6358 1
5948 6372 1
5948 6389 1
5948 6409 1
5948 6880 1
5948 7233 1
5948 7252 1
5948 7259 1
5948 7308 1
5948 7330 1
5948 7365 1
5948 7406 1
5948 7410 1
5948 7426 1
5948 7427 1
5948 7435 1
5948 7445 1
5948 7456 1
5948 7534 1
5948 7592 1
5948 7727 1
5948 7768 1
5948 7933 1
5948 7938 1
5948 7939 1
5948 7940 1
5948 7945 1
5948 7960 1
5948 7967 1
5948 7971 1
5948 7996 1
5948 7998 1
5948 8031 1
5948 8039 1
5948 8040 1
5948 8057 1
5948 8107 1
5956 5240 1
5956 5954 1
5956 5958 1
5956 5992 1
5956 6001 1
5956 6021 1
5956 6029 1
5956 6030 1
5956 6054 1
5956 6079 1
5956 6097 1
5956 6108 1
5956 6113 1
5956 6138 1
5956 6140 1
5956 6157 1
5956 6159 1
5956 6173 1
5956 6178 1
5956 6185 1
5956 6189 1
5956 6192 1
5956 6199 1
5956 6206 1
5956 6216 1
5956 6237 1
5956 6258 1
5956 6295 1
5956 6335 1
5956 6343 1
5956 6355 1
5956 6373 1
5956 6375 1
5956 6381 1
5956 6390 1
5956 6426 1
5956 6440 1
5956 6465 1
5956 6580 1
5956 6698 1
5956 7328 1
5956 7405 1
5956 7470 1
5956 7542 1
5956 7845 1
5956 8066 1
5956 8070 1
5958 5240 1
5958 5848 1
5958 5956 1
5961 5961 1
5962 5653 1
5974 5901 1
5975 5221 1
5976 5240 1
5977 5371 1
5986 5867 1
5987 5653 1
5990 5240 1
5991 5240 1
5991 5310 1
5991 5588 1
5991 5627 1
5991 5651 1
5991 5653 1
5991 5677 1
5991 5766 1
5991 5802 1
5991 5934 1
5991 5944 1
5991 5991 1
5991 6006 1
5991 6017 1
5991 6021 1
5991 6033 1
5991 6042 1
5991 6057 1
5991 6070 1
5991 6127 1
5991 6134 1
5991 6139 1
5991 6147 1
5991 6148 1
5991 6149 1
5991 6158 1
5991 6162 1
5991 6163 1
5991 6164 1
5991 6172 1
5991 6180 1
5991 6183 1
5991 6196 1
5991 6198 1
5991 6200 1
5991 6259 1
5991 6261 1
5991 6262 1
5991 6266 1
5991 6281 1
5991 6282 1
5991 6297 1
5991 6300 1
5991 6302 1
5991 6307 1
5991 6315 1
5991 6316 1
5991 6342 1
5991 6352 1
5991 6359 1
5991 6367 1
5991 6372 1
5991 6375 1
5991 6384 1
5991 6402 1
5991 6404 1
5991 6409 1
5991 6418 1
5991 6427 1
5991 6430 1
5991 6434 1
5991 6435 1
5991 6437 1
5991 6442 1
5991 6445 1
5991 6447 1
5991 6449 1
5991 6461 1
5991 6464 1
5991 6466 1
5991 6475 1
5991 6477 1
5991 6485 1
5991 6487 1
5991 6496 1
5991 6500 1
5991 6503 1
5991 6507 1
5991 6508 1
5991 6517 1
5991 6526 1
5991 6529 1
5991 6530 1
5991 6880 1
5991 7066 1
5991 7091 1
5991 7365 1
5991 7417 1
5991 7420 1
5991 7438 1
5991 7441 1
5991 7443 1
5991 7444 1
5991 7446 1
5991 7447 1
5991 7461 1
5991 7471 1
5991 7472 1
5991 7486 1
5991 7498 1
5991 7499 1
5991 7517 1
5991 7520 1
5991 7523 1
5991 7529 1
5991 7530 1
5991 7531 1
5991 7545 1
5991 7552 1
5991 7568 1
5991 7597 1
5991 7608 1
5991 7609 1
5991 7611 1
5991 7626 1
5991 7709 1
5992 5842 1
5999 5956 1
6001 5991 1
6001 5999 1
6004 6004 1
6005 5371 1
6006 6008 1
6008 5991 1
6013 5240 1
6014 5842 1
6014 6012 1
6017 5991 1
6017 6017 1
6021 5221 1
6021 5240 1
6021 5371 1
6021 5588 1
6021 5646 1
6021 5651 1
6021 5653 1
6021 5763 1
6021 5842 1
6021 5867 1
6021 5948 1
6021 6021 1
6021 6034 1
6021 6046 1
6021 6082 1
6021 6261 1
6021 6266 1
6021 6292 1
6021 6296 1
6021 6372 1
6021 6476 1
6021 6525 1
6021 6568 1
6021 6944 1
6021 7224 1
6021 7233 1
6021 7307 1
6021 7448 1
6021 7470 1
6021 7483 1
6021 7526 1
6021 7572 1
6021 7609 1
6021 7699 1
6023 5303 1
6023 5948 1
6023 6658 1
6023 6675 1
6023 7066 1
6023 7233 1
6023 7541 1
6023 7611 1
6023 7654 1
6023 7715 1
6023 7727 1
6023 7902 1
6023 7932 1
6023 7936 1
6023 7960 1
6023 7966 1
6023 7983 1
6023 8039 1
6023 8044 1
6023 8065 1
6023 8082 1
6024 6022 1
6024 6051 1
6026 6027 1
6027 6026 1
6032 5842 1
6033 5240 1
6033 5371 1
6034 5221 1
6034 5653 1
6034 6021 1
6034 6362 1
6034 6371 1
6034 8002 1
6039 5240 1
6040 5371 1
6046 5240 1
6046 5339 1
6046 5343 1
6046 5362 1
6046 5653 1
6046 5708 1
6046 5842 1
6046 5901 1
6046 5945 1
6046 5948 1
6046 6046 1
6046 6061 1
6046 6106 1
6046 6421 1
6046 6480 1
6046 6493 1
6046 7233 1
6048 5240 1
6051 5240 1
6053 5371 1
6053 6053 1
6054 5240 1
6055 5371 1
6057 5991 1
6058 5221 1
6058 5240 1
6062 5303 1
6062 5842 1
6062 6021 1
6062 6046 1
6075 5763 1
6075 5842 1
6075 5867 1
6075 6075 1
6075 6077 1
6077 5842 1
6077 6075 1
6077 6077 1
6080 5221 1
6080 5948 1
6080 6078 1
6080 6086 1
6080 6088 1
6080 6089 1
6080 6099 1
6080 6101 1
6080 6110 1
6080 6120 1
6080 6121 1
6080 6154 1
6080 6155 1
6080 6212 1
6080 6216 1
6080 6284 1
6080 6371 1
6082 5240 1
6082 5648 1
6082 6021 1
6082 6066 1
6082 6081 1
6082 6082 1
6082 6090 1
6082 6109 1
6082 6122 1
6082 6141 1
6082 6166 1
6082 6200 1
6082 6270 1
6082 6495 1
6082 7233 1
6082 7761 1
6082 7930 1
6082 7935 1
6082 7977 1
6082 7989 1
6082 8002 1
6082 8016 1
6082 8026 1
6082 8055 1
6082 8080 1
6082 8092 1
6082 8096 1
6082 8115 1
6082 8127 1
6082 8154 1
6082 8169 1
6082 8171 1
6082 8173 1
6082 8178 1
6083 5842 1
6092 6091 1
6100 5867 1
6100 5901 1
6101 6080 1
6101 6099 1
6103 5240 1
6103 5315 1
6104 5339 1
6104 6066 1
6104 6104 1
6104 7155 1
6104 7798 1
6106 5240 1
6106 5371 1
6106 5588 1
6106 5794 1
6106 5948 1
6106 6106 1
6106 6179 1
6106 7977 1
6106 8039 1
6107 5315 1
6111 5240 1
6112 5948 1
6113 5240 1
6113 5956 1
6113 6113 1
6115 5240 1
6116 6116 1
6119 5240 1
6122 5240 1
6122 6021 1
6123 5240 1
6123 5371 1
6123 6123 1
6123 6270 1
6123 6350 1
6123 6399 1
6123 6434 1
6123 6525 1
6124 5945 1
6124 6080 1
6124 6124 1
6124 6141 1
6130 5708 1
6130 6133 1
6133 6130 1
6134 5240 1
6134 5948 1
6134 5991 1
6137 6136 1
6139 5240 1
6139 5991 1
6140 5956 1
6146 5240 1
6147 5991 1
6151 5842 1
6153 5588 1
6153 5948 1
6153 6021 1
6153 6113 1
6153 6153 1
6153 6167 1
6153 6181 1
6153 6190 1
6153 6195 1
6153 6204 1
6153 6207 1
6153 6220 1
6153 6221 1
6153 6225 1
6153 6226 1
6153 6227 1
6153 6233 1
6153 6234 1
6153 6236 1
6153 6246 1
6153 6313 1
6153 6327 1
6153 6344 1
6153 6347 1
6153 6348 1
6153 6406 1
6153 6407 1
6153 6421 1
6153 6471 1
6153 6472 1
6153 6473 1
6153 6474 1
6153 6475 1
6153 6490 1
6153 6497 1
6153 6517 1
6153 6518 1
6160 6406 1
6164 5240 1
6164 5991 1
6164 6164 1
6167 5315 1
6167 6153 1
6174 5842 1
6175 5842 1
6179 5221 1
6179 5371 1
6179 5653 1
6179 5867 1
6179 6371 1
6179 6646 1
6179 7039 1
6179 7470 1
6179 7724 1
6179 7753 1
6179 7761 1
6179 7768 1
6179 7832 1
6179 7910 1
6179 7919 1
6179 7921 1
6179 7930 1
6179 7945 1
6179 7952 1
6179 7960 1
6179 7966 1
6179 7970 1
6179 7971 1
6179 7977 1
6179 7978 1
6179 7983 1
6179 7992 1
6179 7994 1
6179 8002 1
6179 8005 1
6179 8016 1
6179 8026 1
6179 8028 1
6179 8039 1
6179 8040 1
6179 8042 1
6179 8059 1
6179 8065 1
6179 8098 1
6179 8104 1
6179 8138 1
6179 8145 1
6179 8156 1
6179 8163 1
6179 8167 1
6179 8170 1
6179 8175 1
6179 8200 1
6179 8201 1
6179 8210 1
6179 8215 1
6179 8217 1
6179 8234 1
6179 8252 1
6179 8261 1
6179 8275 1
6179 8284 1
6179 8303 1
6179 8304 1
6179 8330 1
6179 8333 1
6179 8335 1
6179 8338 1
6179 8347 1
6179 8351 1
6180 5991 1
6185 5956 1
6188 5842 1
6189 5240 1
6189 5315 1
6189 5777 1
6189 5956 1
6189 6201 1
6189 6254 1
6189 6258 1
6189 6318 1
6189 6324 1
6189 6414 1
6189 6447 1
6200 5240 1
6205 5221 1
6205 5240 1
6213 5371 1
6213 5763 1
6213 5842 1
6213 6210 1
6213 6211 1
6213 7053 1
6213 7059 1
6213 7068 1
6213 7109 1
6213 7233 1
6213 7268 1
6213 7281 1
6213 7408 1
6213 7418 1
6213 7896 1
6214 6214 1
6223 5240 1
6241 5240 1
6242 5948 1
6242 6153 1
6250 5240 1
6252 6251 1
6258 6189 1
6261 5240 1
6261 5991 1
6261 6021 1
6261 6261 1
6262 5240 1
6262 5991 1
6263 5232 1
6263 5240 1
6263 5315 1
6263 5371 1
6263 5653 1
6263 5763 1
6263 5766 1
6263 5867 1
6263 5991 1
6263 6062 1
6263 6263 1
6263 6999 1
6263 7336 1
6263 7493 1
6263 7541 1
6263 7611 1
6266 5240 1
6266 5991 1
6266 6266 1
6266 6999 1
6266 7470 1
6266 8059 1
6269 5240 1
6295 5956 1
6296 5934 1
6296 6021 1
6297 6021 1
6307 5842 1
6307 5991 1
6307 6307 1
6309 6309 1
6314 5371 1
6326 5842 1
6326 6326 1
6327 5648 1
6335 5240 1
6335 5708 1
6338 5240 1
6338 6338 1
6340 5240 1
6352 5944 1
6359 5991 1
6359 6359 1
6361 5651 1
6363 5240 1
6367 5991 1
6370 6371 1
6371 5221 1
6371 5240 1
6371 5303 1
6371 5339 1
6371 5371 1
6371 5522 1
6371 5648 1
6371 5867 1
6371 6034 1
6371 6213 1
6371 6370 1
6371 6371 1
6371 6372 1
6371 6380 1
6371 6393 1
6371 6405 1
6371 6465 1
6371 6485 1
6371 6499 1
6371 6506 1
6371 6526 1
6371 6569 1
6371 6637 1
6371 6665 1
6371 6704 1
6371 6880 1
6371 6939 1
6371 7224 1
6371 7233 1
6371 7470 1
6371 7473 1
6371 7474 1
6371 7490 1
6371 7541 1
6371 7568 1
6371 7584 1
6371 7611 1
6371 7690 1
6371 7724 1
6371 7740 1
6371 7748 1
6371 7749 1
6371 7823 1
6371 7938 1
6371 7940 1
6371 8065 1
6371 8100 1
6371 8162 1
6372 5867 1
6372 6134 1
6372 6296 1
6372 6584 1
6372 6589 1
6372 6594 1
6372 6599 1
6372 6602 1
6372 6652 1
6372 6695 1
6372 6721 1
6372 6729 1
6375 5315 1
6375 5956 1
6375 5991 1
6375 6397 1
6381 5315 1
6384 5240 1
6385 5240 1
6398 5240 1
6401 5315 1
6401 7487 1
6401 8041 1
6412 5240 1
6415 6414 1
6415 6638 1
6415 6667 1
6418 5948 1
6420 6416 1
6421 6431 1
6421 6566 1
6437 5991 1
6441 6446 1
6446 6446 1
6446 6502 1
6446 6521 1
6449 5991 1
6450 6449 1
6454 5315 1
6463 5240 1
6464 5991 1
6465 5240 1
6465 5371 1
6465 5653 1
6465 6371 1
6465 6421 1
6465 6485 1
6465 6493 1
6465 6542 1
6465 6569 1
6467 5371 1
6471 5240 1
6471 5315 1
6471 6471 1
6471 6608 1
6472 6476 1
6475 5991 1
6475 6153 1
6475 6475 1
6476 5371 1
6476 6137 1
6476 6485 1
6476 7426 1
6476 7727 1
6476 7967 1
6476 7976 1
6476 8029 1
6476 8199 1
6478 6477 1
6478 7592 1
6478 7832 1
6478 7947 1
6478 7956 1
6478 8002 1
6478 8027 1
6480 6046 1
6481 6480 1
6481 6494 1
6483 6482 1
6488 5371 1
6490 5240 1
6492 6490 1
6493 6465 1
6495 6082 1
6495 6495 1
6503 5240 1
6506 5240 1
6506 5371 1
6506 6371 1
6508 5991 1
6509 5240 1
6510 5240 1
6514 5240 1
6518 6518 1
6524 6525 1
6525 5842 1
6525 6021 1
6525 6123 1
6525 6524 1
6525 6528 1
6525 6537 1
6525 6568 1
6525 6589 1
6526 5991 1
6526 6526 1
6529 5371 1
6529 5991 1
6530 5240 1
6537 5901 1
6537 7697 1
6540 6564 1
6543 5240 1
6543 5651 1
6544 5240 1
6555 6554 1
6560 5240 1
6560 5901 1
6565 6564 1
6566 6590 1
6572 6571 1
6586 5371 1
6588 6586 1
6589 6590 1
6589 6591 1
6590 6589 1
6591 6589 1
6591 6598 1
6591 6647 1
6591 7592 1
6591 7698 1
6591 7760 1
6593 5371 1
6593 6593 1
6604 6590 1
6604 6616 1
6608 6471 1
6608 7647 1
6608 7725 1
6615 5315 1
6624 5371 1
6633 5221 1
6633 5315 1
6633 7233 1
6633 8065 1
6633 8160 1
6634 6471 1
6638 6415 1
6640 6179 1
6640 6640 1
6640 6644 1
6640 6660 1
6640 7357 1
6640 7584 1
6640 7753 1
6640 7869 1
6640 7909 1
6644 5371 1
6645 5315 1
6646 6179 1
6649 5315 1
6650 6471 1
6650 6649 1
6650 6650 1
6650 6671 1
6650 7688 1
6650 8002 1
6651 6650 1
6660 5944 1
6660 6640 1
6660 6677 1
6660 6679 1
6660 6682 1
6660 6683 1
6660 6684 1
6660 6685 1
6660 6686 1
6660 6703 1
6660 6705 1
6660 6716 1
6661 6641 1
6662 5371 1
6662 6082 1
6662 6641 1
6662 6662 1
6662 7753 1
6662 7768 1
6662 7995 1
6662 8026 1
6662 8059 1
6662 8093 1
6662 8094 1
6662 8102 1
6672 6672 1
6674 5371 1
6675 6674 1
6675 7669 1
6675 7832 1
6676 5371 1
6678 6677 1
6683 6660 1
6689 5677 1
6689 6688 1
6689 7633 1
6693 6692 1
6695 6371 1
6697 6698 1
6698 5956 1
6698 6697 1
6700 6699 1
6702 6701 1
6704 6703 1
6704 7963 1
6704 7977 1
6704 8002 1
6704 8059 1
6721 6372 1
6724 6723 1
6724 6725 1
6724 6727 1
6725 6724 1
6725 6725 1
6725 6726 1
6726 6725 1
6734 6733 1
6734 8301 1
6734 8303 1
6736 6735 1
6736 7977 1
6738 8144 1
6740 5221 1
6740 6743 1
6743 5221 1
6745 5221 1
6745 5228 1
6745 5232 1
6745 5675 1
6745 5677 1
6745 6745 1
6745 6770 1
6745 6889 1
6745 6938 1
6745 6939 1
6751 5669 1
6754 5232 1
6754 5240 1
6755 5339 1
6755 5362 1
6755 5440 1
6755 5653 1
6755 6774 1
6755 6997 1
6757 5228 1
6759 5228 1
6759 5673 1
6759 7029 1
6760 5228 1
6761 5232 1
6762 5232 1
6764 6763 1
6766 5232 1
6768 5228 1
6769 5221 1
6769 5228 1
6769 5232 1
6769 5240 1
6769 5440 1
6769 6769 1
6769 6823 1
6769 6884 1
6770 5221 1
6770 5232 1
6770 5675 1
6770 6770 1
6770 6898 1
6770 6899 1
6771 5221 1
6774 5339 1
6778 5232 1
6779 5221 1
6781 5232 1
6782 5221 1
6784 6783 1
6785 5232 1
6786 5221 1
6786 5228 1
6786 5232 1
6786 5240 1
6786 5339 1
6786 5343 1
6786 5371 1
6786 6786 1
6786 6809 1
6786 6884 1
6786 6950 1
6786 6969 1
6786 7282 1
6805 5232 1
6812 5221 1
6813 5221 1
6822 5221 1
6823 6822 1
6824 5221 1
6824 5232 1
6834 5221 1
6856 5646 1
6857 6856 1
6863 5232 1
6863 6781 1
6865 5228 1
6871 6870 1
6876 5228 1
6876 5232 1
6880 5221 1
6880 5339 1
6880 5343 1
6880 5371 1
6880 5653 1
6880 5991 1
6880 6825 1
6880 6879 1
6880 6880 1
6880 7239 1
6880 7367 1
6880 7426 1
6880 7463 1
6880 7619 1
6880 7824 1
6882 6881 1
6884 5221 1
6884 5228 1
6884 5301 1
6884 5339 1
6884 5362 1
6884 5673 1
6884 5711 1
6884 5712 1
6884 6745 1
6884 6769 1
6884 6786 1
6884 6827 1
6884 6828 1
6884 6873 1
6884 6883 1
6884 6890 1
6884 6891 1
6884 6896 1
6884 6897 1
6884 6899 1
6884 6900 1
6884 6903 1
6884 6910 1
6884 6915 1
6884 6920 1
6884 6923 1
6884 6933 1
6884 6935 1
6884 6936 1
6884 6946 1
6884 6949 1
6884 6950 1
6884 6952 1
6884 6955 1
6884 6957 1
6884 6958 1
6884 6959 1
6884 6960 1
6884 6961 1
6884 6964 1
6884 6969 1
6884 6971 1
6884 6974 1
6884 6984 1
6884 6986 1
6884 6987 1
6884 6988 1
6884 6989 1
6884 7431 1
6885 5221 1
6885 5232 1
6885 7051 1
6887 5221 1
6896 6884 1
6898 5339 1
6898 6770 1
6899 5221 1
6899 5228 1
6899 5240 1
6899 5294 1
6899 5440 1
6899 5675 1
6899 7014 1
6906 6899 1
6906 7308 1
6907 5228 1
6914 5221 1
6916 5232 1
6925 5221 1
6936 5343 1
6939 5945 1
6939 6371 1
6939 6745 1
6942 6942 1
6946 5221 1
6946 5232 1
6946 5646 1
6947 5221 1
6949 5232 1
6950 6884 1
6962 5232 1
6964 6809 1
6967 5228 1
6972 5228 1
6973 5232 1
6976 6975 1
6977 6974 1
6979 5221 1
6979 5240 1
6979 6979 1
6979 7110 1
6979 7760 1
6979 7762 1
6980 5232 1
6980 6999 1
6984 6983 1
6999 5221 1
6999 5240 1
6999 5339 1
6999 6266 1
6999 7006 1
6999 7022 1
6999 7530 1
6999 7532 1
6999 7578 1
7000 5371 1
7004 5221 1
7004 5232 1
7004 5530 1
7004 7004 1
7004 7018 1
7005 5221 1
7005 5228 1
7006 5232 1
7007 7007 1
7009 5232 1
7011 5240 1
7011 7011 1
7014 7014 1
7018 7004 1
7019 5221 1
7019 7145 1
7019 7148 1
7025 6809 1
7026 5221 1
7026 5232 1
7026 5240 1
7026 5371 1
7026 7026 1
7039 5221 1
7039 5240 1
7039 6179 1
7039 7039 1
7039 8170 1
7039 8204 1
7039 8217 1
7048 5221 1
7048 5240 1
7048 5315 1
7048 7085 1
7051 5232 1
7051 6885 1
7053 5867 1
7053 7233 1
7053 7409 1
7054 5240 1
7054 6213 1
7058 5221 1
7061 5232 1
7062 5371 1
7066 5221 1
7066 5303 1
7066 5339 1
7066 5371 1
7066 5794 1
7066 5991 1
7066 6266 1
7066 6485 1
7066 7261 1
7066 7308 1
7066 7470 1
7066 7507 1
7066 7523 1
7066 7669 1
7066 7692 1
7066 7699 1
7066 7720 1
7066 7721 1
7066 7753 1
7066 7808 1
7066 7832 1
7066 7843 1
7066 7879 1
7066 7930 1
7066 7945 1
7066 7958 1
7066 7963 1
7066 7964 1
7066 7966 1
7066 7967 1
7066 7976 1
7066 7982 1
7066 7989 1
7066 8015 1
7066 8022 1
7066 8024 1
7066 8027 1
7066 8051 1
7066 8058 1
7066 8087 1
7066 8119 1
7066 8140 1
7066 8152 1
7066 8170 1
7066 8175 1
7066 8178 1
7066 8204 1
7066 8234 1
7066 8236 1
7066 8253 1
7066 8259 1
7066 8264 1
7066 8280 1
7066 8283 1
7066 8284 1
7066 8286 1
7066 8306 1
7066 8325 1
7066 8347 1
7066 8363 1
7067 7067 1
7069 7069 1
7079 7090 1
7090 5221 1
7090 7328 1
7090 7412 1
7091 5221 1
7091 5991 1
7091 7091 1
7092 5371 1
7095 5240 1
7100 5232 1
7101 5232 1
7102 5240 1
7102 5315 1
7103 5232 1
7103 5339 1
7103 5788 1
7105 5240 1
7106 5339 1
7130 5240 1
7153 5646 1
7153 7154 1
7154 7153 1
7159 7159 1
7164 5339 1
7173 5221 1
7182 7182 1
7184 5339 1
7200 7109 1
7208 7209 1
7209 5646 1
7209 7208 1
7232 5240 1
7233 5221 1
7233 5232 1
7233 5240 1
7233 5343 1
7233 5371 1
7233 5651 1
7233 5653 1
7233 5708 1
7233 5842 1
7233 5877 1
7233 5901 1
7233 5945 1
7233 5948 1
7233 5973 1
7233 6021 1
7233 6023 1
7233 6046 1
7233 6082 1
7233 6213 1
7233 6371 1
7233 6476 1
7233 6633 1
7233 6944 1
7233 6945 1
7233 7053 1
7233 7463 1
7238 5240 1
7243 5842 1
7276 5232 1
7279 5232 1
7279 7278 1
7284 5240 1
7284 5371 1
7284 5842 1
7284 7284 1
7288 7324 1
7293 5221 1
7299 5371 1
7307 7305 1
7308 5240 1
7308 5842 1
7314 5653 1
7321 7319 1
7322 5240 1
7330 5653 1
7330 5766 1
7330 5948 1
7331 5867 1
7332 5371 1
7336 6478 1
7342 7342 1
7353 7416 1
7362 5371 1
7365 5240 1
7365 5371 1
7365 5991 1
7365 7365 1
7370 5646 1
7374 5240 1
7375 7372 1
7376 5240 1
7383 5240 1
7389 7388 1
7389 7539 1
7389 7628 1
7406 5867 1
7406 7409 1
7406 7412 1
7406 7439 1
7406 7572 1
7406 7580 1
7410 5240 1
7410 5948 1
7412 5440 1
7412 7412 1
7417 6476 1
7419 5708 1
7419 6082 1
7420 5901 1
7420 7233 1
7423 5901 1
7425 5240 1
7427 5948 1
7427 7427 1
7431 5973 1
7431 6441 1
7431 6531 1
7432 6021 1
7433 5646 1
7433 7430 1
7433 7433 1
7435 7435 1
7437 5842 1
7440 5842 1
7445 7445 1
7448 6021 1
7449 5991 1
7454 7431 1
7456 5948 1
7466 5371 1
7470 6023 1
7470 6266 1
7470 6371 1
7470 6485 1
7470 7066 1
7470 7488 1
7470 7489 1
7470 7506 1
7470 7527 1
7470 7568 1
7470 7587 1
7470 7595 1
7470 7596 1
7470 7611 1
7470 7641 1
7470 7656 1
7470 7663 1
7470 7669 1
7470 7685 1
7470 7690 1
7470 7705 1
7470 7723 1
7470 7768 1
7470 7770 1
7470 7816 1
7470 7826 1
7470 7832 1
7470 7879 1
7470 7907 1
7470 7919 1
7470 7930 1
7470 7945 1
7470 7955 1
7470 7974 1
7470 7983 1
7470 7998 1
7470 8002 1
7470 8026 1
7470 8074 1
7470 8080 1
7470 8104 1
7470 8134 1
7470 8147 1
7470 8148 1
7470 8170 1
7475 5371 1
7475 7727 1
7478 7477 1
7483 6021 1
7487 5371 1
7487 5991 1
7487 6401 1
7487 6786 1
7487 7491 1
7487 7497 1
7487 7522 1
7491 7487 1
7493 5867 1
7494 5653 1
7499 5991 1
7503 7504 1
7503 7505 1
7503 7518 1
7504 5794 1
7504 7112 1
7504 7503 1
7504 7523 1
7504 7564 1
7504 7580 1
7504 7606 1
7504 7607 1
7504 7609 1
7504 7611 1
7504 7614 1
7504 7682 1
7504 7716 1
7504 8002 1
7504 8039 1
7504 8058 1
7505 7503 1
7507 5991 1
7507 7066 1
7517 5991 1
7520 5991 1
7522 5842 1
7524 5371 1
7524 7628 1
7529 5371 1
7529 5991 1
7530 5371 1
7530 5991 1
7530 7665 1
7530 7798 1
7537 5371 1
7538 5371 1
7539 5371 1
7539 7389 1
7552 5842 1
7552 5991 1
7564 7504 1
7568 5371 1
7568 5867 1
7568 6499 1
7568 7806 1
7568 8011 1
7570 5371 1
7572 5371 1
7572 6021 1
7572 7406 1
7583 5371 1
7584 5651 1
7584 5653 1
7591 5240 1
7592 5948 1
7592 6636 1
7592 7541 1
7592 7553 1
7592 7568 1
7592 7592 1
7592 7611 1
7592 7620 1
7592 7755 1
7592 7772 1
7592 7782 1
7592 7810 1
7592 7816 1
7592 7831 1
7592 7891 1
7592 7892 1
7592 7905 1
7592 7930 1
7592 7941 1
7592 7971 1
7592 8002 1
7592 8026 1
7592 8032 1
7592 8034 1
7592 8039 1
7592 8040 1
7592 8076 1
7592 8081 1
7592 8082 1
7592 8104 1
7592 8189 1
7593 5371 1
7594 7594 1
7597 5991 1
7600 7599 1
7603 8170 1
7610 5371 1
7610 7610 1
7611 5371 1
7611 5867 1
7611 5991 1
7611 6023 1
7611 6371 1
7611 7470 1
7611 7504 1
7611 7592 1
7611 7611 1
7611 7633 1
7611 7649 1
7611 7709 1
7611 7715 1
7611 7727 1
7611 7912 1
7620 7620 1
7620 7753 1
7620 7935 1
7620 8002 1
7621 7998 1
7625 5371 1
7629 7633 1
7629 7636 1
7629 7646 1
7633 7636 1
7633 7784 1
7634 5371 1
7636 7629 1
7641 5371 1
7641 7066 1
7641 7637 1
7641 7641 1
7641 7886 1
7641 7983 1
7641 8142 1
7641 8170 1
7646 7629 1
7646 7647 1
7647 5371 1
7647 7592 1
7647 7646 1
7647 7647 1
7647 7945 1
7647 7963 1
7647 7989 1
7647 8002 1
7647 8096 1
7647 8114 1
7647 8126 1
7648 7648 1
7649 6371 1
7667 5651 1
7669 5315 1
7669 5371 1
7669 6675 1
7669 7470 1
7669 7475 1
7669 7669 1
7669 7727 1
7669 7823 1
7669 7896 1
7669 7945 1
7671 8234 1
7671 8303 1
7671 8355 1
7671 8362 1
7673 5371 1
7677 5371 1
7678 7679 1
7679 7678 1
7681 5371 1
7682 7504 1
7691 5371 1
7691 7691 1
7692 7066 1
7692 7692 1
7697 5371 1
7697 5901 1
7697 6537 1
7699 7637 1
7707 5901 1
7713 7725 1
7713 7886 1
7720 7066 1
7721 7066 1
7721 7720 1
7724 6179 1
7724 7977 1
7725 5371 1
7725 6608 1
7725 7715 1
7727 5221 1
7727 5371 1
7727 5948 1
7727 6023 1
7727 6371 1
7727 6476 1
7727 6944 1
7727 7475 1
7727 7541 1
7727 7611 1
7727 7637 1
7727 7669 1
7727 7715 1
7727 7728 1
7727 7729 1
7727 7753 1
7727 7768 1
7727 7771 1
7727 7832 1
7727 7842 1
7727 7843 1
7727 7844 1
7727 7850 1
7727 7872 1
7727 7886 1
7727 7911 1
7733 7732 1
7733 7747 1
7740 5651 1
7741 7688 1
7741 7715 1
7741 7740 1
7741 7741 1
7743 7910 1
7747 6082 1
7747 7733 1
7747 7935 1
7747 8017 1
7748 7748 1
7752 5371 1
7752 7715 1
7753 5221 1
7753 5371 1
7753 5765 1
7753 5867 1
7753 6179 1
7753 7620 1
7753 7641 1
7753 7669 1
7753 7727 1
7753 7753 1
7753 7823 1
7753 7919 1
7753 7924 1
7753 7930 1
7753 7933 1
7753 7935 1
7753 7936 1
7753 7940 1
7753 7944 1
7753 7945 1
7753 7946 1
7753 7948 1
7753 7952 1
7753 7957 1
7753 7959 1
7753 7962 1
7753 7963 1
7753 7965 1
7753 7967 1
7753 7979 1
7753 7983 1
7753 7989 1
7753 7993 1
7753 8002 1
7753 8005 1
7753 8009 1
7753 8016 1
7753 8026 1
7753 8031 1
7753 8033 1
7753 8055 1
7753 8057 1
7753 8061 1
7753 8064 1
7753 8077 1
7753 8079 1
7753 8082 1
7753 8083 1
7753 8084 1
7753 8093 1
7753 8096 1
7753 8104 1
7753 8115 1
7753 8173 1
7753 8177 1
7753 8183 1
7753 8194 1
7754 5371 1
7755 7592 1
7761 6179 1
7765 5867 1
7766 7765 1
7768 5651 1
7768 5948 1
7768 7470 1
7768 7768 1
7768 7830 1
7768 7902 1
7768 7919 1
7772 5371 1
7773 7728 1
7780 5371 1
7792 5371 1
7792 5877 1
7795 7837 1
7803 5371 1
7805 5371 1
7809 5901 1
7823 5371 1
7823 6371 1
7824 7669 1
7830 5948 1
7830 7918 1
7830 7922 1
7830 7930 1
7830 7935 1
7830 7938 1
7830 7967 1
7832 5371 1
7832 5948 1
7832 6675 1
7832 7541 1
7832 7727 1
7832 7832 1
7832 7879 1
7832 7916 1
7832 7967 1
7832 7971 1
7832 8018 1
7832 8039 1
7832 8058 1
7832 8067 1
7832 8188 1
7837 7795 1
7838 6371 1
7838 7886 1
7838 7894 1
7843 7727 1
7851 5867 1
7852 5371 1
7855 5343 1
7855 5948 1
7855 7889 1
7859 6944 1
7859 7859 1
7885 7753 1
7886 5371 1
7886 5867 1
7886 7727 1
7886 7753 1
7886 7885 1
7886 7886 1
7886 7900 1
7886 7901 1
7887 5371 1
7891 7592 1
7892 7592 1
7892 7886 1
7894 7838 1
7896 6213 1
7897 5315 1
7899 5901 1
7900 7641 1
7901 7886 1
7902 7903 1
7903 7768 1
7905 7902 1
7905 8005 1
7907 5901 1
7909 6640 1
7914 5371 1
7914 7611 1
7915 8136 1
7916 7830 1
7917 7916 1
7919 6179 1
7919 7919 1
7919 7977 1
7920 7633 1
7921 7768 1
7921 7921 1
7921 8026 1
7922 7830 1
7923 6179 1
7923 8144 1
7923 8175 1
7923 8204 1
7923 8253 1
7923 8352 1
7925 5371 1
7927 7952 1
7930 5221 1
7930 5371 1
7930 6082 1
7930 6179 1
7930 7753 1
7930 7930 1
7930 7940 1
7930 7945 1
7930 7949 1
7930 7990 1
7930 7997 1
7930 8021 1
7930 8027 1
7930 8028 1
7930 8034 1
7930 8042 1
7930 8047 1
7930 8087 1
7930 8143 1
7930 8165 1
7931 5677 1
7932 5371 1
7932 7932 1
7933 5371 1
7935 5371 1
7935 7620 1
7935 7921 1
7935 7935 1
7935 7953 1
7935 7961 1
7935 7977 1
7937 7936 1
7938 6371 1
7938 7830 1
7940 6371 1
7940 7753 1
7940 7930 1
7940 8170 1
7940 8203 1
7944 7753 1
7945 5371 1
7945 5867 1
7945 5948 1
7945 7066 1
7945 7470 1
7945 7753 1
7945 7930 1
7945 7937 1
7945 7941 1
7945 7945 1
7945 7949 1
7945 7963 1
7945 7968 1
7945 7989 1
7945 8027 1
7945 8039 1
7945 8051 1
7945 8148 1
7945 8154 1
7945 8173 1
7945 8263 1
7945 8330 1
7947 6478 1
7947 7946 1
7948 7753 1
7948 7948 1
7953 7935 1
7955 6179 1
7955 7955 1
7958 7066 1
7958 7957 1
7958 7977 1
7960 6023 1
7960 6179 1
7960 7972 1
7960 8041 1
7960 8165 1
7960 8167 1
7960 8173 1
7961 7935 1
7963 5371 1
7963 6704 1
7963 7066 1
7963 7647 1
7963 7945 1
7965 7753 1
7965 7948 1
7965 7966 1
7966 6023 1
7966 7066 1
7967 5371 1
7967 7066 1
7967 7753 1
7967 7832 1
7967 7980 1
7967 7982 1
7967 8018 1
7967 8040 1
7967 8065 1
7967 8091 1
7968 5371 1
7968 7945 1
7971 5371 1
7971 6023 1
7971 6179 1
7971 7592 1
7971 7930 1
7971 7970 1
7971 7976 1
7971 7977 1
7971 7991 1
7971 7996 1
7971 8042 1
7971 8058 1
7971 8065 1
7971 8067 1
7971 8078 1
7971 8087 1
7971 8138 1
7971 8156 1
7971 8163 1
7971 8169 1
7972 5948 1
7972 7830 1
7974 7975 1
7975 7974 1
7975 7977 1
7975 7989 1
7976 6476 1
7976 7066 1
7976 7971 1
7977 5371 1
7977 5867 1
7977 6082 1
7977 6106 1
7977 6179 1
7977 6704 1
7977 7919 1
7977 7971 1
7977 7977 1
7977 7984 1
7977 7989 1
7977 8039 1
7977 8040 1
7977 8041 1
7977 8065 1
7977 8069 1
7977 8087 1
7977 8112 1
7977 8138 1
7977 8201 1
7977 8217 1
7977 8239 1
7977 8268 1
7977 8286 1
7978 5371 1
7979 7753 1
7983 5371 1
7983 6023 1
7983 6179 1
7983 7470 1
7983 7641 1
7983 7753 1
7983 7983 1
7983 7987 1
7983 8002 1
7988 7919 1
7989 5371 1
7989 7066 1
7989 7647 1
7989 7975 1
7989 7977 1
7989 8002 1
7992 7991 1
7994 5371 1
7994 6179 1
7994 7971 1
7995 6662 1
7996 7996 1
7998 5948 1
7998 7470 1
7998 8067 1
8001 7982 1
8002 5371 1
8002 5867 1
8002 6023 1
8002 6034 1
8002 6082 1
8002 6179 1
8002 6478 1
8002 6650 1
8002 6704 1
8002 7470 1
8002 7504 1
8002 7592 1
8002 7620 1
8002 7647 1
8002 7753 1
8002 7977 1
8002 7989 1
8002 8002 1
8002 8101 1
8002 8116 1
8002 8122 1
8002 8135 1
8003 5371 1
8004 6179 1
8005 8004 1
8006 8006 1
8008 7945 1
8014 8013 1
8015 7066 1
8016 5221 1
8016 5371 1
8016 6082 1
8016 7753 1
8016 8016 1
8016 8026 1
8016 8059 1
8016 8074 1
8016 8082 1
8016 8092 1
8016 8159 1
8016 8284 1
8016 8303 1
8018 7832 1
8018 7967 1
8021 7930 1
8023 8022 1
8023 8039 1
8024 7066 1
8024 7753 1
8024 7832 1
8024 7910 1
8024 8002 1
8024 8059 1
8024 8069 1
8024 8173 1
8026 5371 1
8026 6179 1
8026 6662 1
8026 7592 1
8026 7753 1
8026 8016 1
8026 8026 1
8026 8040 1
8026 8041 1
8026 8087 1
8027 5653 1
8027 7066 1
8027 7470 1
8027 7930 1
8027 7945 1
8027 8026 1
8027 8034 1
8027 8035 1
8027 8112 1
8027 8184 1
8028 5371 1
8028 5653 1
8028 6179 1
8028 7753 1
8028 7930 1
8028 8026 1
8028 8105 1
8028 8303 1
8028 8329 1
8029 6476 1
8030 5901 1
8030 8030 1
8032 7592 1
8032 7971 1
8032 8032 1
8032 8039 1
8035 5371 1
8035 5867 1
8035 7923 1
8035 8027 1
8035 8050 1
8035 8051 1
8035 8201 1
8035 8207 1
8037 5371 1
8039 5501 1
8039 5653 1
8039 5765 1
8039 6106 1
8039 7504 1
8039 7568 1
8039 7753 1
8039 7832 1
8039 7938 1
8039 7945 1
8039 7960 1
8039 7971 1
8039 7977 1
8039 7983 1
8039 8002 1
8039 8016 1
8039 8026 1
8039 8034 1
8039 8039 1
8039 8040 1
8039 8041 1
8039 8047 1
8039 8048 1
8039 8055 1
8039 8057 1
8039 8059 1
8039 8065 1
8039 8069 1
8039 8077 1
8039 8079 1
8039 8081 1
8039 8084 1
8039 8090 1
8039 8096 1
8039 8099 1
8039 8102 1
8039 8116 1
8039 8117 1
8039 8118 1
8039 8119 1
8039 8135 1
8039 8146 1
8039 8150 1
8039 8153 1
8039 8156 1
8039 8157 1
8039 8160 1
8039 8170 1
8039 8173 1
8040 6179 1
8040 6401 1
8040 7592 1
8040 7977 1
8040 8026 1
8040 8039 1
8040 8040 1
8040 8041 1
8040 8042 1
8040 8076 1
8040 8087 1
8041 5371 1
8041 7930 1
8041 7960 1
8041 7977 1
8041 8026 1
8041 8039 1
8041 8065 1
8041 8096 1
8041 8113 1
8041 8117 1
8041 8124 1
8041 8156 1
8041 8170 1
8041 8212 1
8041 8225 1
8041 8264 1
8041 8303 1
8041 8305 1
8041 8326 1
8042 5221 1
8042 5371 1
8042 7930 1
8042 7971 1
8042 8040 1
8042 8065 1
8043 8043 1
8048 8039 1
8048 8049 1
8050 7832 1
8050 8035 1
8050 8049 1
8050 8050 1
8050 8060 1
8051 5371 1
8051 7066 1
8051 7945 1
8051 8035 1
8052 8052 1
8055 6082 1
8055 8027 1
8055 8039 1
8055 8055 1
8055 8218 1
8057 5948 1
8057 8039 1
8057 8057 1
8057 8064 1
8058 6179 1
8058 7066 1
8058 7504 1
8058 7832 1
8058 7971 1
8058 8039 1
8059 5371 1
8059 5867 1
8059 6179 1
8059 6266 1
8059 6662 1
8059 7977 1
8059 8016 1
8059 8059 1
8059 8175 1
8059 8221 1
8061 8024 1
8061 8058 1
8064 7753 1
8064 8063 1
8065 5371 1
8065 6179 1
8065 6371 1
8065 7930 1
8065 7967 1
8065 7977 1
8065 8039 1
8065 8041 1
8065 8042 1
8065 8065 1
8066 5948 1
8067 5371 1
8067 7977 1
8067 8027 1
8069 6736 1
8069 8024 1
8069 8039 1
8069 8103 1
8069 8170 1
8074 8016 1
8076 8040 1
8079 7753 1
8079 8039 1
8080 6082 1
8081 5371 1
8081 7592 1
8082 5371 1
8082 7592 1
8082 7753 1
8083 5371 1
8084 8039 1
8084 8085 1
8085 7753 1
8087 5948 1
8087 7066 1
8087 7967 1
8087 7971 1
8087 7977 1
8087 8026 1
8087 8040 1
8087 8096 1
8087 8147 1
8089 8089 1
8090 8039 1
8092 6082 1
8092 8016 1
8092 8039 1
8093 7753 1
8094 6662 1
8095 6023 1
8096 5221 1
8096 5371 1
8096 6082 1
8096 8234 1
8097 5371 1
8097 8050 1
8097 8170 1
8098 6179 1
8100 6371 1
8100 8039 1
8102 8039 1
8102 8102 1
8103 8069 1
8103 8259 1
8106 8105 1
8108 7949 1
8112 7915 1
8115 6082 1
8115 7592 1
8115 7753 1
8115 8156 1
8116 8002 1
8119 7066 1
8119 8039 1
8124 8041 1
8132 5371 1
8132 8163 1
8132 8249 1
8137 7967 1
8138 6179 1
8138 7971 1
8138 7977 1
8138 8138 1
8138 8153 1
8140 5371 1
8140 7066 1
8140 8140 1
8142 7641 1
8143 7930 1
8144 5371 1
8144 6738 1
8144 7923 1
8144 8167 1
8144 8170 1
8144 8175 1
8144 8212 1
8144 8214 1
8144 8225 1
8144 8228 1
8144 8236 1
8144 8249 1
8144 8253 1
8144 8275 1
8144 8284 1
8144 8296 1
8144 8305 1
8144 8313 1
8144 8349 1
8144 8350 1
8144 8355 1
8144 8356 1
8145 5371 1
8147 5221 1
8147 5371 1
8147 6179 1
8147 8087 1
8148 8258 1
8150 5371 1
8150 8173 1
8152 7066 1
8152 8152 1
8152 8164 1
8153 8138 1
8154 5371 1
8156 8039 1
8156 8115 1
8156 8156 1
8156 8173 1
8156 8213 1
8157 8039 1
8158 8158 1
8159 5653 1
8159 6179 1
8159 7753 1
8159 8016 1
8159 8081 1
8159 8144 1
8159 8148 1
8159 8159 1
8159 8169 1
8159 8170 1
8159 8203 1
8159 8204 1
8159 8228 1
8159 8233 1
8161 5371 1
8163 8132 1
8164 5371 1
8164 8152 1
8164 8180 1
8165 5221 1
8165 5371 1
8165 7930 1
8165 8166 1
8165 8167 1
8166 5371 1
8167 5371 1
8167 7930 1
8167 7960 1
8167 8144 1
8167 8165 1
8167 8204 1
8167 8228 1
8167 8234 1
8167 8258 1
8167 8262 1
8167 8275 1
8167 8286 1
8167 8308 1
8168 8235 1
8169 5371 1
8169 6662 1
8170 5221 1
8170 5371 1
8170 6179 1
8170 7066 1
8170 7753 1
8170 7940 1
8170 8097 1
8170 8144 1
8170 8148 1
8170 8170 1
8170 8173 1
8170 8196 1
8170 8197 1
8170 8199 1
8170 8204 1
8170 8205 1
8170 8211 1
8170 8212 1
8170 8221 1
8170 8225 1
8170 8228 1
8170 8234 1
8170 8236 1
8170 8241 1
8170 8253 1
8170 8258 1
8170 8264 1
8170 8280 1
8170 8285 1
8170 8303 1
8170 8308 1
8170 8312 1
8170 8314 1
8173 5371 1
8173 6082 1
8173 7945 1
8173 8170 1
8173 8173 1
8174 5303 1
8175 5371 1
8175 8059 1
8175 8144 1
8175 8159 1
8175 8170 1
8175 8175 1
8175 8199 1
8175 8201 1
8175 8204 1
8175 8225 1
8175 8231 1
8175 8234 1
8175 8249 1
8175 8253 1
8175 8258 1
8175 8259 1
8175 8280 1
8175 8304 1
8175 8328 1
8175 8330 1
8175 8331 1
8175 8336 1
8176 8081 1
8178 5221 1
8178 5371 1
8178 6082 1
8178 7066 1
8178 7940 1
8178 8177 1
8178 8178 1
8178 8185 1
8178 8203 1
8178 8248 1
8178 8290 1
8179 5221 1
8180 8132 1
8181 5371 1
8182 7641 1
8185 8178 1
8187 5221 1
8187 8187 1
8187 8189 1
8187 8194 1
8187 8197 1
8188 8187 1
8188 8188 1
8188 8204 1
8188 8212 1
8188 8225 1
8188 8243 1
8188 8259 1
8189 5221 1
8189 5371 1
8189 7592 1
8189 8187 1
8189 8253 1
8189 8258 1
8189 8269 1
8190 8190 1
8192 5570 1
8192 8170 1
8192 8253 1
8192 8280 1
8192 8350 1
8194 5221 1
8194 7592 1
8194 7753 1
8194 8170 1
8194 8175 1
8194 8189 1
8194 8193 1
8194 8200 1
8195 5371 1
8196 8132 1
8196 8170 1
8196 8249 1
8197 5221 1
8197 8170 1
8199 5371 1
8199 6476 1
8199 8170 1
8199 8175 1
8199 8194 1
8199 8199 1
8199 8204 1
8199 8234 1
8199 8253 1
8200 5371 1
8200 8199 1
8200 8204 1
8201 5371 1
8201 7977 1
8201 8035 1
8201 8170 1
8201 8194 1
8201 8201 1
8201 8204 1
8201 8212 1
8201 8234 1
8201 8239 1
8201 8249 1
8201 8253 1
8201 8262 1
8201 8268 1
8201 8280 1
8201 8292 1
8201 8304 1
8202 8202 1
8204 5371 1
8204 6023 1
8204 6179 1
8204 7039 1
8204 7066 1
8204 7940 1
8204 7977 1
8204 8041 1
8204 8144 1
8204 8167 1
8204 8170 1
8204 8175 1
8204 8195 1
8204 8199 1
8204 8200 1
8204 8201 1
8204 8204 1
8204 8205 1
8204 8218 1
8204 8220 1
8204 8228 1
8204 8234 1
8204 8236 1
8204 8241 1
8204 8242 1
8204 8253 1
8204 8258 1
8204 8259 1
8204 8266 1
8204 8280 1
8204 8296 1
8204 8303 1
8204 8304 1
8204 8319 1
8204 8359 1
8204 8363 1
8205 8170 1
8207 5371 1
8207 8035 1
8207 8140 1
8207 8296 1
8210 8208 1
8212 8201 1
8212 8214 1
8212 8221 1
8212 8253 1
8213 8156 1
8213 8292 1
8214 7066 1
8214 8144 1
8215 6179 1
8216 8170 1
8217 5371 1
8217 6179 1
8217 7039 1
8217 8200 1
8217 8217 1
8219 8218 1
8221 8059 1
8221 8170 1
8221 8212 1
8221 8280 1
8223 8204 1
8223 8228 1
8223 8282 1
8224 5371 1
8225 8041 1
8225 8144 1
8225 8175 1
8225 8188 1
8225 8234 1
8225 8269 1
8225 8292 1
8225 8293 1
8225 8324 1
8228 5371 1
8228 7923 1
8228 8097 1
8228 8144 1
8228 8167 1
8228 8170 1
8228 8204 1
8228 8228 1
8228 8230 1
8228 8234 1
8228 8236 1
8228 8258 1
8228 8278 1
8228 8282 1
8228 8284 1
8228 8285 1
8228 8286 1
8228 8296 1
8228 8305 1
8230 8228 1
8230 8254 1
8230 8315 1
8231 5371 1
8231 6179 1
8231 8170 1
8231 8175 1
8231 8204 1
8231 8212 1
8231 8236 1
8231 8258 1
8231 8261 1
8232 5371 1
8234 5371 1
8234 6179 1
8234 7671 1
8234 7940 1
8234 7977 1
8234 8096 1
8234 8144 1
8234 8159 1
8234 8167 1
8234 8170 1
8234 8175 1
8234 8192 1
8234 8204 1
8234 8212 1
8234 8228 1
8234 8233 1
8234 8235 1
8234 8236 1
8234 8241 1
8234 8242 1
8234 8249 1
8234 8250 1
8234 8253 1
8234 8258 1
8234 8259 1
8234 8261 1
8234 8262 1
8234 8264 1
8234 8266 1
8234 8280 1
8234 8282 1
8234 8283 1
8234 8284 1
8234 8286 1
8234 8287 1
8234 8294 1
8234 8296 1
8234 8300 1
8234 8303 1
8234 8305 1
8234 8307 1
8234 8324 1
8234 8339 1
8234 8344 1
8234 8354 1
8234 8355 1
8236 5371 1
8236 5570 1
8236 6734 1
8236 7039 1
8236 7066 1
8236 8144 1
8236 8170 1
8236 8204 1
8236 8228 1
8236 8231 1
8236 8234 1
8236 8236 1
8236 8237 1
8236 8238 1
8236 8258 1
8236 8266 1
8236 8275 1
8236 8282 1
8236 8321 1
8236 8347 1
8236 8355 1
8237 8236 1
8238 8236 1
8239 7977 1
8240 8239 1
8241 7066 1
8241 8170 1
8242 8170 1
8242 8234 1
8242 8298 1
8245 8245 1
8247 8244 1
8247 8264 1
8248 8178 1
8248 8248 1
8249 8144 1
8249 8170 1
8249 8204 1
8249 8250 1
8249 8305 1
8250 8249 1
8250 8258 1
8250 8296 1
8250 8305 1
8251 8172 1
8252 8217 1
8252 8275 1
8253 5371 1
8253 7977 1
8253 8148 1
8253 8170 1
8253 8175 1
8253 8192 1
8253 8199 1
8253 8201 1
8253 8204 1
8253 8212 1
8253 8228 1
8253 8234 1
8253 8236 1
8253 8253 1
8253 8258 1
8253 8262 1
8253 8264 1
8253 8275 1
8253 8280 1
8253 8281 1
8253 8282 1
8253 8283 1
8253 8304 1
8253 8305 1
8253 8324 1
8255 8256 1
8256 8255 1
8257 8255 1
8258 5371 1
8258 8144 1
8258 8148 1
8258 8167 1
8258 8170 1
8258 8175 1
8258 8204 1
8258 8228 1
8258 8231 1
8258 8234 1
8258 8236 1
8258 8253 1
8258 8258 1
8258 8283 1
8258 8285 1
8258 8287 1
8258 8288 1
8258 8303 1
8258 8305 1
8258 8324 1
8258 8330 1
8258 8355 1
8259 5371 1
8259 7066 1
8259 8103 1
8259 8175 1
8259 8188 1
8259 8204 1
8259 8234 1
8259 8280 1
8260 8204 1
8260 8289 1
8261 8204 1
8261 8234 1
8261 8259 1
8261 8283 1
8262 5371 1
8262 7923 1
8262 8204 1
8262 8234 1
8262 8253 1
8262 8260 1
8262 8323 1
8262 8324 1
8262 8343 1
8263 8148 1
8264 8013 1
8264 8130 1
8264 8158 1
8264 8207 1
8264 8234 1
8264 8253 1
8264 8272 1
8264 8284 1
8264 8286 1
8264 8321 1
8264 8325 1
8265 8199 1
8266 8303 1
8266 8359 1
8268 7923 1
8268 7977 1
8268 8267 1
8268 8286 1
8268 8293 1
8269 8103 1
8269 8189 1
8269 8225 1
8269 8311 1
8269 8325 1
8269 8340 1
8269 8362 1
8270 8140 1
8271 5371 1
8272 8144 1
8274 8290 1
8275 5371 1
8275 6179 1
8275 8167 1
8275 8236 1
8275 8252 1
8275 8253 1
8275 8280 1
8278 8313 1
8279 8278 1
8279 8303 1
8279 8305 1
8280 5371 1
8280 8170 1
8280 8192 1
8280 8204 1
8280 8221 1
8280 8253 1
8280 8280 1
8280 8284 1
8280 8302 1
8280 8306 1
8282 5371 1
8282 8236 1
8282 8282 1
8283 5371 1
8283 8234 1
8283 8253 1
8283 8258 1
8283 8261 1
8284 5570 1
8284 8144 1
8284 8167 1
8284 8229 1
8284 8280 1
8284 8303 1
8284 8336 1
8285 8170 1
8285 8258 1
8285 8308 1
8285 8325 1
8286 5371 1
8286 7066 1
8286 8167 1
8286 8204 1
8286 8228 1
8286 8234 1
8286 8250 1
8286 8264 1
8286 8268 1
8286 8305 1
8287 8258 1
8287 8288 1
8288 8253 1
8288 8258 1
8288 8287 1
8288 8288 1
8289 8260 1
8290 8167 1
8291 8150 1
8291 8280 1
8292 8201 1
8292 8213 1
8292 8225 1
8292 8285 1
8293 8268 1
8294 8234 1
8294 8250 1
8294 8305 1
8295 8295 1
8296 8204 1
8296 8207 1
8296 8228 1
8296 8234 1
8296 8250 1
8296 8286 1
8296 8296 1
8296 8298 1
8296 8348 1
8297 8280 1
8298 8296 1
8299 5371 1
8300 8234 1
8301 6734 1
8301 8281 1
8301 8282 1
8301 8303 1
8301 8355 1
8302 8144 1
8302 8280 1
8303 5371 1
8303 6179 1
8303 8016 1
8303 8028 1
8303 8041 1
8303 8170 1
8303 8234 1
8303 8253 1
8303 8258 1
8303 8266 1
8303 8284 1
8303 8301 1
8303 8303 1
8303 8307 1
8303 8334 1
8303 8350 1
8304 6179 1
8304 6734 1
8304 8175 1
8304 8204 1
8304 8275 1
8304 8305 1
8305 5371 1
8305 8144 1
8305 8167 1
8305 8204 1
8305 8234 1
8305 8250 1
8305 8253 1
8305 8258 1
8305 8262 1
8305 8279 1
8305 8286 1
8305 8305 1
8305 8307 1
8305 8308 1
8305 8310 1
8305 8324 1
8306 8280 1
8306 8355 1
8307 8305 1
8307 8350 1
8308 8170 1
8308 8285 1
8308 8286 1
8308 8305 1
8309 8305 1
8310 8305 1
8311 5371 1
8311 8228 1
8312 7066 1
8313 8144 1
8313 8228 1
8313 8313 1
8313 8351 1
8314 8175 1
8314 8314 1
8315 5371 1
8315 8313 1
8315 8361 1
8316 7066 1
8318 7039 1
8319 6179 1
8319 8204 1
8320 5371 1
8320 8320 1
8321 5570 1
8321 8041 1
8321 8234 1
8321 8236 1
8321 8253 1
8321 8353 1
8323 8322 1
8324 8225 1
8324 8236 1
8324 8253 1
8324 8258 1
8324 8262 1
8324 8305 1
8324 8337 1
8327 8228 1
8328 8175 1
8329 8303 1
8329 8330 1
8330 5371 1
8330 8258 1
8331 8175 1
8331 8332 1
8332 6179 1
8333 5371 1
8333 6179 1
8333 8301 1
8333 8325 1
8333 8355 1
8334 6179 1
8334 8148 1
8334 8303 1
8334 8334 1
8334 8335 1
8334 8345 1
8335 8334 1
8335 8336 1
8336 8144 1
8336 8335 1
8336 8355 1
8337 5371 1
8337 8324 1
8338 5371 1
8338 8337 1
8339 8341 1
8340 8262 1
8340 8269 1
8341 8234 1
8341 8339 1
8341 8341 1
8341 8349 1
8343 8262 1
8344 8234 1
8346 8342 1
8349 8144 1
8349 8302 1
8349 8341 1
8350 8170 1
8350 8175 1
8350 8192 1
8350 8236 1
8350 8258 1
8350 8303 1
8350 8305 1
8350 8350 1
8351 6179 1
8351 8319 1
8353 8321 1
8355 5570 1
8355 8144 1
8355 8333 1
8355 8355 1
8358 8325 1
8359 8266 1
8359 8359 1
8359 8360 1
8360 8359 1
8363 7066 1
8363 7923 1
