dl n = 112 format = edgelist1
labels embedded
data:
5221 7293 1
5221 7470 1
5303 6023 1
5303 7713 1
5315 6471 1
5315 6668 1
5315 7897 1
5315 7901 1
5371 6213 1
5371 6471 1
5371 6640 1
5371 6664 1
5371 6674 1
5371 6676 2
5371 6680 1
5371 6880 1
5371 7669 2
5371 7823 14
5371 7824 1
5371 7832 7
5371 7852 2
5371 7878 1
5371 7880 1
5371 7886 2
5371 7887 2
5371 7901 2
5371 7912 1
5371 7913 1
5371 7919 1
5371 7925 3
5371 7927 1
5677 5901 1
5867 7568 1
5867 7669 1
5867 7832 1
5867 7885 1
5867 7886 5
5867 7899 1
5901 7868 1
5901 7899 3
5901 7907 3
5901 7928 1
5909 6415 1
5909 7541 1
5948 5948 1
5948 7727 1
5948 7768 1
6023 5303 1
6023 6675 1
6023 7066 1
6023 7541 1
6023 7727 2
6179 7832 1
6213 5371 1
6213 7896 1
6371 6213 1
6371 6665 1
6371 7748 1
6371 7823 1
6415 6667 1
6476 7727 1
6640 6660 1
6640 7584 1
6640 7869 1
6640 7909 1
6650 6471 2
6650 6650 6
6650 6671 1
6660 6640 1
6660 6677 1
6660 6679 1
6660 6682 1
6660 6683 1
6660 6684 1
6660 6685 2
6660 6686 1
6661 6641 2
6662 6641 1
6672 6672 1
6674 5371 1
6675 6674 1
6675 7669 1
6675 7832 1
6676 5371 1
6678 6677 1
6683 6660 1
6689 5677 1
6689 7633 1
6880 5371 1
6880 7824 1
7066 7721 1
7293 5221 1
7470 7611 1
7470 7768 2
7470 7879 1
7568 6499 1
7592 7891 2
7592 7892 1
7611 7470 1
7611 7912 1
7641 7886 2
7647 5371 1
7669 5371 2
7669 6675 1
7669 7669 1
7669 7727 7
7669 7896 1
7713 7886 1
7727 5948 1
7727 6023 1
7727 6476 3
7727 7541 1
7727 7637 1
7727 7669 7
7727 7753 1
7727 7768 1
7727 7832 1
7727 7850 1
7727 7872 1
7727 7886 7
7727 7911 1
7743 7910 1
7748 7748 1
7753 6179 1
7753 7727 1
7753 7823 1
7753 7924 1
7768 5948 1
7768 7470 1
7768 7830 1
7768 7902 1
7823 5371 6
7823 6371 1
7830 7918 1
7830 7922 2
7832 5371 3
7832 6675 1
7832 7727 2
7832 7832 2
7832 7879 1
7832 7916 1
7838 6371 1
7838 7886 1
7838 7894 2
7855 5343 2
7855 5948 1
7855 7889 1
7885 7753 1
7886 5371 2
7886 5867 3
7886 7727 4
7886 7753 1
7886 7885 2
7886 7886 1
7886 7900 1
7886 7901 1
7887 5371 1
7891 7592 1
7892 7592 1
7892 7886 1
7894 7838 1
7896 6213 1
7897 5315 1
7899 5901 2
7900 7641 1
7901 7886 1
7902 7903 1
7903 7768 1
7905 7902 1
7907 5901 2
7909 6640 1
7914 5371 1
7914 7611 1
7916 7830 1
7917 7916 1
7920 7633 1
7921 7768 1
7922 7830 1
7923 6179 1
7925 5371 1
