dl n = 86 format = edgelist1
labels embedded
data:
5371 6478 1
5371 7530 1
5371 7753 1
5371 7935 2
5371 7945 5
5371 7952 1
5371 7963 3
5371 7964 1
5371 7967 2
5371 7968 7
5371 7971 1
5371 7973 1
5371 7977 1
5371 7978 1
5371 7983 2
5371 7989 2
5371 7990 1
5371 7994 2
5371 7998 1
5371 7999 1
5653 7991 1
5948 7933 2
5948 7940 1
5948 7945 2
5948 7960 1
5956 6698 1
6023 7902 1
6023 7960 1
6023 7966 1
6082 7935 1
6082 7989 1
6179 7470 1
6179 7919 3
6179 7930 1
6179 7966 1
6179 7970 1
6179 7971 1
6179 7977 2
6179 7978 1
6179 7983 1
6179 7992 1
6179 7994 1
6371 6372 1
6372 6695 1
6476 7976 1
6478 7947 1
6478 7956 1
6640 6179 1
6640 7357 1
6662 6662 1
6662 7995 1
6693 6692 1
6695 6371 1
6697 6698 1
6698 5956 1
6698 6697 1
6700 6699 1
6702 6701 1
7066 7879 1
7066 7945 2
7066 7963 3
7066 7964 1
7066 7966 2
7066 7967 1
7066 7976 1
7066 7982 1
7470 7955 1
7530 5371 1
7592 7816 1
7620 7620 1
7620 7935 3
7747 6082 1
7747 7935 2
7753 7930 1
7753 7940 1
7753 7945 3
7753 7948 3
7753 7952 1
7753 7957 1
7753 7959 1
7753 7962 1
7753 7963 1
7753 7965 2
7753 7967 1
7753 7979 1
7753 7989 1
7753 7993 1
7830 5948 1
7830 7930 2
7830 7935 1
7830 7967 1
7919 6179 1
7919 7919 1
7919 7977 3
7930 7940 1
7930 7997 1
7935 5371 1
7935 7620 1
7935 7935 1
7935 7961 1
7940 7753 1
7940 7930 2
7945 5371 6
7945 5948 1
7945 7066 1
7945 7753 3
7945 7937 1
7945 7963 2
7945 7968 1
7947 6478 1
7948 7753 5
7948 7948 2
7955 6179 1
7955 7955 1
7958 7957 1
7960 6023 1
7960 7972 2
7961 7935 1
7963 5371 5
7963 7066 3
7963 7945 2
7965 7753 2
7965 7948 1
7965 7966 1
7966 6023 1
7966 7066 2
7967 5371 2
7967 7066 1
7967 7753 1
7967 7980 3
7967 7982 2
7968 5371 6
7968 7945 1
7971 5371 1
7971 6179 1
7971 7970 1
7971 7976 2
7971 7991 1
7971 7996 1
7972 5948 1
7972 7830 1
7974 7975 2
7975 7974 2
7976 6476 1
7976 7066 1
7976 7971 1
7977 6179 2
7977 7919 1
7977 7984 1
7978 5371 1
7979 7753 1
7983 5371 1
7983 6179 1
7983 7987 1
7988 7919 1
7989 5371 1
7992 7991 1
7994 5371 1
7994 6179 1
7994 7971 2
7995 6662 1
8001 7982 1
