dl n = 182 format = edgelist1
labels embedded
data:
5240 5240 1
5240 5769 1
5240 5944 1
5240 6051 2
5240 6270 1
5240 6334 1
5240 6335 6
5240 6336 1
5240 6339 2
5240 6341 1
5240 6346 1
5240 6347 1
5240 6352 1
5240 6353 1
5240 6354 1
5240 6355 1
5240 6360 1
5240 6361 1
5240 6363 2
5240 6364 1
5240 6365 1
5240 6366 1
5240 6367 1
5240 6368 1
5240 6369 1
5240 6371 1
5240 6372 2
5240 6374 1
5240 6375 1
5240 6376 1
5240 6380 1
5240 6382 1
5240 6383 1
5240 6384 1
5240 6385 4
5240 6386 1
5240 6387 5
5240 6392 1
5240 6393 1
5240 6394 1
5240 6398 2
5240 6400 1
5240 6409 1
5240 6410 1
5240 6411 2
5240 6412 3
5240 6413 1
5240 6416 1
5240 6417 1
5240 6419 1
5240 6420 1
5240 6421 1
5240 6423 1
5240 6426 1
5240 6428 1
5240 6430 1
5240 6431 1
5240 6448 1
5240 6463 3
5240 6465 2
5240 6466 1
5240 7233 2
5315 5315 1
5315 5991 1
5315 6051 1
5315 6351 1
5315 6381 1
5315 6396 1
5315 6408 1
5315 6416 1
5315 6417 1
5315 6424 1
5315 6441 1
5315 6444 1
5315 6453 1
5343 7468 1
5371 5240 1
5371 5855 2
5371 5991 1
5371 6122 1
5371 6134 1
5371 6352 1
5371 6363 1
5371 6372 1
5371 6375 1
5371 6387 2
5371 6402 1
5371 6405 1
5371 6410 1
5371 6412 1
5371 6418 1
5371 6421 1
5371 6422 1
5371 6428 1
5371 6429 1
5371 6442 1
5371 6443 1
5371 6465 1
5371 6485 3
5371 7053 1
5371 7091 1
5371 7426 2
5371 7466 1
5371 7471 2
5371 7482 1
5648 6375 1
5651 5240 1
5651 5944 1
5651 6361 1
5653 5653 1
5708 6335 1
5708 6345 1
5708 6397 1
5708 6403 1
5708 6436 1
5842 6349 1
5842 7450 3
5855 5371 2
5867 5867 2
5867 6362 1
5867 6395 1
5867 6431 1
5901 6962 1
5934 6296 1
5948 5948 1
5948 6021 3
5948 6051 1
5948 6358 1
5948 6372 1
5948 6389 1
5948 6409 1
5948 7445 1
5948 7456 1
5956 6335 1
5956 6343 1
5956 6355 1
5956 6373 1
5956 6375 2
5956 6381 1
5956 6390 1
5956 6426 1
5956 6440 1
5991 5651 1
5991 5991 1
5991 6021 1
5991 6198 1
5991 6342 1
5991 6352 1
5991 6359 1
5991 6367 1
5991 6372 3
5991 6375 2
5991 6384 1
5991 6402 1
5991 6404 1
5991 6409 1
5991 6427 1
5991 6430 1
5991 6434 1
5991 6435 1
5991 6437 2
5991 6442 1
5991 6445 1
5991 6447 1
5991 6449 1
5991 6461 1
5991 6464 2
5991 6466 1
5991 6526 3
5991 6880 1
5991 7446 1
5991 7447 1
5991 7461 1
5991 7471 3
5991 7472 1
5991 7486 1
6001 5991 1
6021 5948 2
6021 6372 1
6021 6476 1
6021 7448 1
6021 7483 1
6034 6362 1
6051 5240 1
6080 6371 1
6122 6021 1
6123 6350 3
6123 6399 1
6123 6434 1
6134 5948 1
6153 6344 1
6153 6347 1
6153 6348 1
6153 6406 1
6153 6407 1
6160 6406 1
6189 5240 1
6189 6414 1
6189 6447 1
6263 5991 1
6296 5934 1
6296 6021 1
6335 5240 3
6335 5708 2
6338 6338 1
6340 5240 1
6352 5944 1
6359 5991 1
6359 6359 1
6361 5651 1
6363 5240 1
6367 5991 1
6370 6371 1
6371 5240 2
6371 5648 1
6371 6213 1
6371 6370 2
6371 6380 1
6371 6393 1
6371 6405 2
6371 6499 1
6371 6880 1
6371 7473 1
6371 7474 1
6372 6134 1
6372 6296 1
6375 5315 2
6375 5956 1
6375 5991 2
6375 6397 1
6381 5315 1
6384 5240 1
6385 5240 4
6398 5240 1
6401 5315 1
6412 5240 3
6415 6414 1
6420 6416 1
6421 6431 1
6437 5991 1
6441 6446 1
6449 5991 1
6450 6449 1
6454 5315 1
6463 5240 2
6464 5991 2
6465 5240 1
6476 5371 1
6526 5991 3
6526 6526 1
6880 5991 1
6880 7426 1
6880 7463 1
7053 7233 1
7233 5221 1
7233 5240 1
7233 5343 1
7233 6023 1
7233 6945 1
7233 7053 2
7417 6476 1
7431 6441 1
7445 7445 1
7448 6021 1
7449 5991 1
7456 5948 1
7466 5371 1
7470 6485 1
7478 7477 1
7487 6401 1
