dl n = 43 format = edgelist1
labels embedded
data:
5371 5653 1
5371 7945 2
5371 7977 1
5371 8002 7
5371 8032 1
5371 8033 1
5371 8034 1
5371 8035 1
5371 8037 2
5653 5653 1
5653 6179 1
5653 8039 2
5765 8039 2
5794 6106 1
5867 7753 1
5867 8002 3
5867 8035 1
5901 8030 1
5948 8031 1
6023 8039 1
6023 8044 1
6106 5794 1
6106 6179 1
6106 7977 1
6106 8039 2
6179 5371 1
6179 5653 1
6179 7977 1
6401 8041 1
6478 8002 1
6704 8002 1
7066 7945 1
7592 7592 1
7592 7930 1
7592 8002 1
7592 8032 2
7592 8034 2
7620 8002 2
7647 7989 1
7753 5765 1
7753 5867 1
7753 7945 1
7753 8002 1
7753 8005 1
7753 8031 1
7753 8033 1
7930 8034 1
7945 5371 2
7945 7066 1
7945 7949 1
7958 7977 1
7967 7753 1
7971 5371 2
7971 6023 1
7977 5371 2
7977 6106 1
7989 7647 1
8002 5371 5
8002 5867 2
8002 6478 1
8002 6704 1
8002 7592 1
8002 7620 1
8002 7753 1
8002 8002 2
8023 8039 1
8027 8034 1
8030 5901 1
8030 8030 2
8032 7592 3
8032 7971 1
8032 8032 1
8032 8039 1
8035 5867 1
8037 5371 1
8039 5653 1
8039 5765 3
8039 6106 1
8039 7971 1
8039 8039 1
8039 8040 2
8040 6401 1
8040 8039 3
8040 8040 1
8040 8041 1
8041 8039 1
8042 5371 1
8043 8043 1
