dl n = 137 format = edgelist1
labels embedded
data:
5280 5279 1
5315 8019 1
5315 8025 1
5371 5371 1
5371 5653 3
5371 6106 2
5371 6640 2
5371 7879 1
5371 7905 1
5371 7930 2
5371 7945 4
5371 7963 5
5371 7967 1
5371 7977 1
5371 7983 1
5371 7985 1
5371 7989 1
5371 7990 1
5371 7998 1
5371 8002 12
5371 8003 2
5371 8006 1
5371 8007 1
5371 8010 1
5371 8016 4
5371 8032 1
5371 8033 1
5371 8034 1
5371 8035 2
5371 8037 2
5371 8039 2
5371 8040 1
5371 8051 1
5371 8053 1
5371 8055 1
5371 8056 1
5371 8058 1
5371 8061 1
5371 8073 2
5501 5501 1
5653 5371 2
5653 5653 1
5653 6179 1
5653 8028 1
5653 8039 4
5765 8039 2
5794 6106 1
5794 7066 1
5867 7753 2
5867 7851 3
5867 8002 3
5867 8035 1
5901 8000 1
5901 8030 1
5944 6660 1
5948 6082 1
5948 7592 1
5948 7971 1
5948 7996 1
5948 7998 2
5948 8031 1
5948 8039 1
5948 8057 1
5956 8066 1
5956 8070 1
6023 7983 1
6023 8039 1
6023 8044 1
6034 8002 1
6082 8002 4
6082 8055 2
6082 8080 1
6106 5371 1
6106 5794 1
6106 6106 3
6106 6179 1
6106 7977 1
6106 8039 4
6179 5371 1
6179 5653 1
6179 6646 2
6179 7832 1
6179 7910 1
6179 7921 1
6179 7971 1
6179 7977 1
6179 7983 1
6179 8005 1
6179 8039 1
6179 8040 2
6371 5371 1
6371 7938 1
6401 8041 1
6476 8029 2
6478 7592 1
6478 8002 1
6478 8027 1
6640 6644 1
6644 5371 1
6646 6179 1
6650 8002 1
6660 5944 1
6660 6703 1
6660 6705 1
6662 8026 1
6662 8059 1
6704 6703 1
6704 8002 1
7066 5371 2
7066 5794 1
7066 7945 2
7066 7967 1
7066 7989 1
7066 8015 1
7066 8022 1
7066 8027 2
7066 8051 1
7066 8058 1
7470 7816 1
7470 7907 1
7470 7919 1
7470 7945 2
7470 7974 1
7470 7983 4
7470 7998 2
7470 8080 1
7504 8002 4
7504 8039 1
7504 8058 1
7568 8011 1
7592 5948 1
7592 7592 3
7592 7905 1
7592 7930 1
7592 8002 3
7592 8032 2
7592 8034 5
7592 8039 1
7592 8076 1
7620 8002 4
7621 7998 1
7641 7983 2
7647 7945 1
7647 7963 1
7647 7989 1
7747 8017 1
7753 5371 1
7753 5765 1
7753 5867 2
7753 7753 9
7753 7945 4
7753 7963 1
7753 7983 1
7753 8002 1
7753 8005 1
7753 8009 1
7753 8016 1
7753 8031 1
7753 8033 1
7753 8055 1
7753 8057 1
7753 8061 1
7753 8064 1
7753 8077 1
7753 8079 1
7832 5948 1
7832 7832 1
7832 7971 1
7832 8018 1
7832 8058 1
7832 8067 1
7851 5867 2
7905 8005 1
7921 7921 1
7930 5371 1
7930 7990 1
7930 8021 1
7930 8034 1
7930 8047 1
7935 7921 1
7935 7935 1
7935 7977 1
7938 6371 1
7945 5371 5
7945 7066 2
7945 7470 1
7945 7753 2
7945 7945 1
7945 7949 1
7945 7963 1
7945 8051 2
7958 7977 1
7963 5371 3
7963 7647 1
7967 7753 1
7967 8018 1
7971 5371 2
7971 6023 1
7971 8058 1
7971 8065 1
7971 8067 1
7971 8078 1
7975 7989 1
7977 5371 2
7977 6106 1
7977 7971 1
7977 7989 1
7977 8039 1
7977 8040 1
7983 6023 1
7983 7470 4
7983 7641 2
7983 7753 1
7983 7983 1
7983 8002 1
7989 7066 1
7989 7647 1
7989 7975 1
7989 7977 1
7996 7996 1
7998 5948 2
7998 7470 1
7998 8067 1
8002 5371 7
8002 5867 2
8002 6023 1
8002 6034 1
8002 6082 3
8002 6478 1
8002 6650 1
8002 6704 1
8002 7504 7
8002 7592 2
8002 7620 2
8002 7753 2
8002 8002 8
8003 5371 1
8004 6179 1
8005 8004 1
8006 8006 1
8008 7945 1
8014 8013 1
8015 7066 1
8016 5371 3
8016 7753 1
8016 8016 2
8016 8059 1
8016 8074 1
8018 7832 2
8018 7967 1
8021 7930 1
8023 8022 1
8023 8039 1
8024 7753 1
8024 7910 1
8024 8002 1
8024 8069 1
8026 6662 1
8027 5653 1
8027 7066 1
8027 7470 1
8027 8026 1
8027 8034 1
8028 5653 1
8029 6476 2
8030 5901 1
8030 8030 2
8032 7592 3
8032 7971 1
8032 8032 1
8032 8039 1
8035 5371 1
8035 5867 1
8035 8051 2
8037 5371 1
8039 5501 1
8039 5653 4
8039 5765 3
8039 6106 2
8039 7504 1
8039 7753 1
8039 7938 1
8039 7971 1
8039 7977 1
8039 8034 2
8039 8039 1
8039 8040 2
8039 8047 1
8039 8048 1
8039 8055 1
8039 8057 4
8039 8059 1
8039 8065 1
8039 8069 1
8039 8079 1
8040 6179 1
8040 6401 1
8040 7977 1
8040 8039 3
8040 8040 1
8040 8041 1
8040 8042 1
8040 8076 1
8041 8039 1
8042 5371 1
8042 8040 1
8043 8043 1
8048 8039 1
8048 8049 1
8050 8049 1
8050 8050 1
8050 8060 1
8051 5371 1
8051 7066 1
8051 7945 2
8051 8035 2
8052 8052 1
8055 6082 1
8055 8027 1
8055 8039 2
8055 8055 2
8057 5948 1
8057 8039 3
8057 8057 1
8057 8064 1
8058 6179 1
8058 7066 1
8058 7504 1
8058 7832 2
8058 7971 1
8058 8039 1
8059 5371 1
8059 6662 1
8059 8016 1
8059 8059 2
8061 8024 1
8061 8058 1
8064 7753 1
8064 8063 1
8065 8039 1
8066 5948 1
8067 5371 1
8067 7977 1
8067 8027 1
8069 8024 1
8069 8039 1
8076 8040 1
8079 7753 1
8079 8039 1
8080 6082 1
