dl n = 58 format = edgelist1
labels embedded
data:
5371 6640 2
5371 7905 1
5371 7930 2
5371 7945 2
5371 7963 5
5371 7983 1
5371 7985 1
5371 7990 1
5371 7998 1
5371 8002 1
5371 8003 2
5371 8006 1
5371 8007 1
5371 8010 1
5371 8016 2
5653 5371 1
5901 8000 1
5944 6660 1
6023 7983 1
6179 6646 2
6179 7921 1
6179 7983 1
6179 8005 1
6640 6644 1
6644 5371 1
6646 6179 1
6650 8002 1
6660 5944 1
6660 6703 1
6660 6705 1
6704 6703 1
7066 7989 1
7066 8015 1
7066 8022 1
7470 7983 2
7504 8002 2
7568 8011 1
7592 7905 1
7621 7998 1
7641 7983 2
7647 7945 1
7647 7963 1
7753 5371 1
7753 7945 3
7753 7963 1
7753 7983 1
7753 8009 1
7832 8018 1
7905 8005 1
7921 7921 1
7930 5371 1
7930 7990 1
7930 8021 1
7935 7921 1
7935 7935 1
7935 7977 1
7945 5371 3
7945 7753 2
7945 7963 1
7963 5371 3
7963 7647 1
7967 8018 1
7975 7989 1
7977 7989 1
7983 6023 1
7983 7470 2
7983 7641 2
7983 7753 1
7983 7983 1
7983 8002 1
7989 7066 1
7989 7975 1
7989 7977 1
7996 7996 1
8002 5371 1
8002 6023 1
8002 6650 1
8002 7504 3
8002 8002 2
8003 5371 1
8004 6179 1
8005 8004 1
8006 8006 1
8008 7945 1
8014 8013 1
8015 7066 1
8016 5371 3
8016 8016 1
8018 7832 2
8018 7967 1
8023 8022 1
