dl n = 422 format = edgelist1
labels embedded
data:
5221 5867 1
5221 6082 1
5221 6371 1
5221 7224 1
5240 5240 1
5240 5522 1
5240 5651 1
5240 5944 2
5240 6122 3
5240 6123 1
5240 6202 1
5240 6288 1
5240 6361 1
5240 6372 2
5240 6402 1
5240 6418 1
5240 6467 1
5240 6468 1
5240 6469 1
5240 6470 1
5240 6471 2
5240 6487 1
5240 6489 1
5240 6490 3
5240 6491 1
5240 6494 1
5240 6503 1
5240 6504 1
5240 6506 2
5240 6509 1
5240 6510 2
5240 6511 1
5240 6512 1
5240 6513 1
5240 6514 1
5240 6515 1
5240 6517 1
5240 6519 2
5240 6522 1
5240 6527 1
5240 6529 1
5240 6530 2
5240 6531 1
5240 6532 1
5240 6533 1
5240 6538 1
5240 6540 1
5240 6543 5
5240 6544 1
5240 6545 1
5240 6547 1
5240 6548 1
5240 6550 1
5240 6551 1
5240 6553 1
5240 6557 1
5240 6560 2
5240 6563 1
5240 6566 1
5240 6568 2
5240 6573 2
5240 6574 1
5240 6576 1
5240 6579 1
5240 6583 5
5240 7365 1
5240 7696 1
5303 5294 1
5303 5303 7
5303 5371 1
5303 5948 1
5303 6371 2
5315 5315 1
5315 6372 2
5315 6465 1
5315 6471 3
5315 6484 1
5315 6504 1
5315 6520 1
5315 6552 1
5315 6570 1
5315 6610 1
5315 6615 1
5315 6632 1
5315 6639 1
5315 6640 1
5315 6641 1
5315 6646 1
5315 6649 1
5315 6657 1
5315 7509 1
5315 7541 2
5315 7669 2
5343 5371 1
5343 6489 1
5343 6516 1
5343 6523 1
5343 6534 1
5343 7543 1
5371 5303 4
5371 5371 4
5371 5407 1
5371 5522 1
5371 5646 1
5371 5651 1
5371 5653 1
5371 5794 1
5371 5867 2
5371 5991 2
5371 6021 4
5371 6123 1
5371 6314 1
5371 6418 1
5371 6465 2
5371 6467 2
5371 6469 1
5371 6486 1
5371 6487 1
5371 6488 2
5371 6489 1
5371 6490 1
5371 6491 1
5371 6498 1
5371 6506 1
5371 6507 1
5371 6515 1
5371 6529 2
5371 6531 2
5371 6534 1
5371 6537 2
5371 6540 2
5371 6542 1
5371 6543 1
5371 6551 1
5371 6553 1
5371 6558 1
5371 6564 1
5371 6569 1
5371 6570 1
5371 6571 1
5371 6577 1
5371 6586 1
5371 6587 1
5371 6593 1
5371 6595 1
5371 6600 1
5371 6601 1
5371 6605 1
5371 6611 1
5371 6622 1
5371 6624 1
5371 6628 1
5371 6630 1
5371 6636 1
5371 6640 1
5371 6644 1
5371 6653 1
5371 6657 1
5371 7233 6
5371 7284 3
5371 7351 1
5371 7365 3
5371 7389 1
5371 7473 1
5371 7475 2
5371 7501 2
5371 7503 1
5371 7507 1
5371 7517 1
5371 7524 1
5371 7529 1
5371 7535 1
5371 7536 1
5371 7537 1
5371 7539 2
5371 7541 6
5371 7546 1
5371 7550 1
5371 7552 1
5371 7553 3
5371 7564 1
5371 7568 9
5371 7570 2
5371 7572 3
5371 7578 2
5371 7583 2
5371 7585 1
5371 7593 2
5371 7594 1
5371 7598 1
5371 7601 1
5371 7605 1
5371 7606 1
5371 7610 3
5371 7611 5
5371 7614 1
5371 7617 1
5371 7619 2
5371 7626 1
5371 7628 4
5371 7634 1
5371 7635 1
5371 7645 1
5371 7653 1
5371 7655 1
5371 7657 1
5371 7659 1
5371 7665 1
5371 7669 4
5371 7673 6
5371 7677 2
5371 7681 1
5371 7683 1
5371 7685 1
5371 7688 4
5371 7691 3
5371 7692 1
5371 7693 1
5371 7694 1
5371 7697 2
5371 7698 1
5371 7706 1
5371 7707 2
5371 7714 2
5371 7716 1
5371 7718 1
5371 7725 1
5371 7727 1
5371 7743 1
5371 7752 2
5371 7754 1
5371 7768 1
5371 7772 1
5371 7780 1
5371 7785 1
5371 7786 1
5371 7792 2
5371 7796 1
5371 7801 1
5371 7803 1
5371 7805 1
5371 7823 8
5371 7838 1
5371 7845 1
5371 7852 1
5407 5240 1
5522 5371 1
5646 5371 1
5651 5653 1
5651 6519 2
5651 6543 1
5651 7727 1
5651 7736 1
5651 7740 1
5651 7768 1
5653 5221 1
5653 5653 2
5653 6371 2
5653 6476 1
5653 7544 1
5653 7584 3
5766 5240 1
5794 5371 1
5794 7504 1
5842 6021 1
5842 6202 1
5842 6485 2
5842 6531 1
5842 7426 2
5842 7465 1
5842 7487 1
5842 7520 1
5842 7521 1
5842 7522 1
5842 7549 1
5842 7551 1
5842 7552 2
5842 7735 1
5842 7798 1
5867 5867 1
5867 6314 1
5867 6539 1
5867 6545 1
5867 7493 2
5867 7518 1
5867 7541 1
5867 7552 1
5867 7568 15
5867 7578 1
5867 7579 1
5867 7589 1
5867 7603 1
5867 7611 10
5867 7659 3
5867 7725 1
5867 7730 1
5867 7734 1
5867 7761 1
5867 7765 2
5877 7541 1
5877 7797 1
5901 5240 1
5901 5901 1
5901 6371 1
5901 6537 4
5901 6559 1
5901 6560 1
5901 7233 1
5901 7615 1
5901 7697 1
5901 7707 8
5901 7768 1
5901 7781 1
5901 7809 1
5948 6021 1
5948 7534 1
5956 5240 1
5956 6021 1
5956 6465 1
5956 6580 1
5956 7470 1
5956 7542 1
5956 7845 1
5991 5240 1
5991 5677 1
5991 5991 1
5991 6372 1
5991 6418 1
5991 6475 1
5991 6477 1
5991 6485 4
5991 6487 1
5991 6496 1
5991 6500 1
5991 6503 1
5991 6507 1
5991 6508 1
5991 6517 1
5991 6526 1
5991 6529 2
5991 6530 2
5991 7066 1
5991 7091 1
5991 7365 1
5991 7417 1
5991 7498 1
5991 7499 1
5991 7517 1
5991 7520 1
5991 7523 1
5991 7529 1
5991 7530 2
5991 7531 2
5991 7545 1
5991 7552 2
5991 7568 1
5991 7597 1
5991 7608 1
5991 7609 1
5991 7611 2
5991 7626 2
5991 7709 1
6021 6082 1
6021 6266 1
6021 6525 2
6021 6568 1
6021 7470 1
6021 7483 1
6021 7526 1
6021 7572 1
6021 7609 1
6021 7699 1
6023 6658 1
6023 7611 2
6023 7654 1
6023 7715 1
6034 6371 1
6046 6421 1
6046 6480 1
6046 6493 1
6062 5303 1
6082 6021 1
6082 6082 2
6082 6495 1
6082 7233 5
6104 6104 1
6104 7798 1
6122 5240 2
6123 5371 2
6123 6123 1
6123 6525 1
6124 6124 1
6153 6421 1
6153 6471 1
6153 6472 1
6153 6473 1
6153 6474 1
6153 6475 2
6153 6490 1
6153 6497 1
6153 6517 1
6153 6518 1
6263 5371 1
6263 5867 1
6263 6999 1
6263 7493 1
6263 7541 1
6263 7611 2
6266 6266 1
6266 7470 1
6314 5371 1
6371 5221 1
6371 5240 1
6371 5303 2
6371 5339 1
6371 5522 1
6371 6034 2
6371 6371 1
6371 6465 1
6371 6485 1
6371 6506 1
6371 6526 1
6371 6569 1
6371 6637 1
6371 6939 2
6371 7224 1
6371 7233 2
6371 7470 2
6371 7490 1
6371 7541 2
6371 7568 1
6371 7584 1
6371 7611 1
6371 7690 1
6371 7740 1
6371 7749 1
6372 5867 1
6372 6584 1
6372 6589 1
6372 6594 1
6372 6599 1
6372 6602 1
6372 6652 1
6415 6638 2
6418 5948 1
6421 6566 1
6446 6446 1
6446 6502 1
6446 6521 1
6465 5371 1
6465 5653 1
6465 6371 1
6465 6421 1
6465 6485 1
6465 6493 1
6465 6542 1
6465 6569 1
6467 5371 1
6471 5240 1
6471 5315 1
6471 6471 1
6471 6608 4
6472 6476 1
6475 5991 1
6475 6153 2
6475 6475 1
6476 6137 1
6476 6485 1
6476 7426 1
6478 6477 1
6480 6046 1
6481 6480 1
6481 6494 1
6483 6482 1
6488 5371 1
6490 5240 1
6492 6490 1
6493 6465 1
6495 6082 2
6495 6495 1
6503 5240 1
6506 5240 1
6506 5371 1
6506 6371 1
6508 5991 1
6509 5240 1
6510 5240 1
6514 5240 2
6518 6518 1
6524 6525 1
6525 5842 1
6525 6021 1
6525 6123 2
6525 6524 1
6525 6528 1
6525 6537 1
6525 6568 2
6525 6589 1
6526 5991 1
6529 5371 1
6529 5991 1
6530 5240 1
6537 5901 1
6537 7697 2
6540 6564 1
6543 5240 4
6543 5651 1
6544 5240 1
6555 6554 1
6560 5240 1
6560 5901 2
6565 6564 1
6566 6590 1
6572 6571 1
6586 5371 1
6588 6586 1
6589 6590 1
6589 6591 1
6590 6589 1
6591 6589 1
6591 6598 1
6591 6647 1
6591 7592 1
6591 7698 1
6591 7760 1
6593 5371 1
6593 6593 1
6604 6590 1
6604 6616 1
6608 6471 3
6608 7647 1
6608 7725 1
6615 5315 1
6624 5371 1
6633 5315 1
6633 7233 1
6634 6471 1
6638 6415 1
6640 6640 2
6640 7753 1
6645 5315 1
6649 5315 1
6650 6649 1
6650 6650 1
6650 7688 1
6651 6650 2
6662 7768 1
6786 5371 1
6880 5221 1
6880 7619 1
6939 6371 1
6979 7760 1
6979 7762 1
6999 7530 1
6999 7532 1
6999 7578 1
7066 5303 1
7066 5991 1
7066 6266 1
7066 6485 1
7066 7507 2
7066 7523 1
7066 7669 1
7066 7692 1
7066 7699 1
7066 7720 1
7066 7721 1
7066 7808 1
7066 7843 1
7091 5991 1
7091 7091 1
7233 5371 8
7233 5901 2
7233 5948 1
7233 6082 6
7233 6371 3
7233 6476 1
7233 6633 2
7233 7463 1
7284 5371 4
7284 7284 1
7365 5371 1
7365 5991 1
7389 7539 1
7389 7628 1
7406 5867 1
7406 7572 2
7406 7580 1
7419 6082 1
7431 6531 1
7454 7431 1
7470 6023 1
7470 6266 1
7470 6371 1
7470 7066 1
7470 7489 1
7470 7506 1
7470 7527 1
7470 7568 1
7470 7587 1
7470 7595 1
7470 7596 1
7470 7656 1
7470 7663 1
7470 7669 8
7470 7685 1
7470 7690 1
7470 7705 1
7470 7723 1
7470 7770 3
7470 7816 1
7470 7826 1
7475 5371 1
7475 7727 1
7483 6021 1
7487 5371 1
7487 5991 1
7487 6786 1
7487 7491 2
7487 7497 1
7487 7522 1
7491 7487 1
7493 5867 1
7494 5653 1
7499 5991 1
7503 7504 1
7503 7505 2
7503 7518 1
7504 5794 1
7504 7112 1
7504 7503 2
7504 7523 1
7504 7564 1
7504 7580 1
7504 7606 1
7504 7607 1
7504 7609 1
7504 7611 2
7504 7614 1
7504 7682 1
7504 7716 1
7505 7503 3
7507 5991 1
7507 7066 1
7517 5991 1
7520 5991 1
7522 5842 2
7524 5371 3
7524 7628 1
7529 5371 1
7529 5991 1
7530 5991 1
7530 7665 1
7530 7798 1
7537 5371 1
7538 5371 1
7539 5371 1
7539 7389 1
7552 5842 1
7552 5991 1
7564 7504 1
7568 5371 4
7568 5867 6
7568 7806 1
7570 5371 2
7572 5371 2
7572 6021 1
7572 7406 3
7583 5371 2
7584 5651 1
7584 5653 1
7591 5240 1
7592 6636 1
7592 7541 1
7592 7553 1
7592 7611 3
7592 7620 1
7592 7755 3
7592 7772 1
7592 7782 1
7592 7810 1
7592 7831 1
7593 5371 2
7594 7594 2
7597 5991 1
7600 7599 1
7610 5371 2
7610 7610 1
7611 5371 6
7611 5867 11
7611 5991 3
7611 6023 1
7611 6371 1
7611 7504 2
7611 7592 3
7611 7611 6
7611 7633 1
7611 7649 1
7611 7709 1
7611 7715 1
7611 7727 3
7625 5371 1
7629 7633 2
7629 7636 2
7629 7646 1
7633 7636 1
7633 7784 1
7634 5371 1
7636 7629 1
7641 7637 1
7646 7629 1
7646 7647 1
7647 7646 2
7648 7648 1
7649 6371 1
7667 5651 1
7669 5315 1
7669 5371 3
7669 7470 2
7669 7475 1
7669 7823 1
7673 5371 3
7677 5371 1
7678 7679 1
7679 7678 2
7681 5371 1
7682 7504 1
7691 5371 3
7691 7691 2
7692 7066 1
7692 7692 1
7697 5371 1
7697 5901 1
7697 6537 1
7699 7637 1
7707 5901 11
7713 7725 1
7720 7066 2
7721 7066 1
7721 7720 1
7725 5371 1
7725 6608 1
7725 7715 1
7727 5221 1
7727 5371 1
7727 6371 2
7727 6944 1
7727 7475 2
7727 7611 3
7727 7715 5
7727 7728 4
7727 7729 1
7727 7771 1
7727 7842 1
7727 7843 2
7727 7844 1
7733 7732 1
7733 7747 1
7740 5651 1
7741 7688 1
7741 7715 1
7741 7740 1
7741 7741 1
7747 7733 1
7752 5371 1
7752 7715 1
7754 5371 2
7755 7592 1
7765 5867 1
7766 7765 1
7768 5651 1
7768 7768 3
7772 5371 1
7773 7728 1
7780 5371 1
7792 5371 1
7792 5877 1
7795 7837 2
7803 5371 1
7805 5371 1
7809 5901 2
7823 5371 5
7824 7669 1
7832 7541 1
7837 7795 2
7843 7727 1
7852 5371 2
7859 6944 1
7859 7859 1
