dl n = 50 format = edgelist1
labels embedded
data:
5303 5303 1
5371 7967 1
5371 7989 1
5371 8016 2
5371 8026 1
5371 8106 1
5371 8109 1
5371 8110 1
5371 8120 1
5948 8107 1
6082 8016 2
6179 7753 1
6179 7977 1
6179 8002 1
6662 8102 1
7066 8119 2
7470 7832 1
7470 8002 1
7470 8104 1
7647 7647 1
7647 8002 1
7647 8114 1
7753 8002 1
7753 8084 1
7753 8104 2
7832 7967 1
7945 8039 2
7967 7832 2
7977 6704 1
7977 7977 1
7977 8041 1
7977 8112 1
8002 7470 1
8002 7592 1
8002 7647 1
8002 7989 1
8002 8116 2
8002 8122 1
8016 6082 2
8024 7832 1
8026 5371 1
8026 8041 3
8028 8026 1
8028 8105 1
8039 7832 1
8039 7945 1
8039 8002 1
8039 8039 1
8039 8041 1
8039 8057 1
8039 8077 1
8039 8102 3
8039 8116 1
8039 8117 1
8039 8118 1
8039 8119 1
8041 5371 1
8041 7977 1
8041 8026 2
8041 8039 1
8041 8113 1
8041 8117 1
8057 8057 1
8069 8103 2
8097 8050 1
8102 8039 3
8102 8102 1
8103 8069 1
8106 8105 1
8108 7949 1
8112 7915 1
8116 8002 2
8119 7066 1
8119 8039 1
