dl n = 56 format = edgelist1
labels embedded
data:
5371 5948 1
5371 7963 1
5371 7971 1
5371 8059 1
5371 8081 1
5371 8082 1
5371 8083 1
5371 8086 1
5371 8088 1
5371 8096 1
5765 8039 1
5948 5303 1
5948 5371 1
5948 6023 1
5948 7967 1
5948 8040 1
6023 5948 1
6023 8065 1
6023 8082 1
6082 7761 1
6082 7977 1
6082 7989 1
6082 8092 1
6082 8096 3
6179 7945 1
6179 8002 1
6179 8039 1
6179 8065 1
6179 8098 1
6371 6704 1
6371 8100 1
6476 7967 1
6660 6716 1
6662 8093 1
6662 8094 1
6704 7963 1
6704 7977 1
7470 8026 1
7592 5948 1
7592 7568 1
7592 7971 2
7592 8081 1
7592 8082 2
7753 5765 1
7753 8002 1
7753 8026 1
7753 8082 4
7753 8083 1
7753 8084 2
7753 8093 3
7921 8026 1
7930 8087 1
7963 5371 1
7963 6704 1
7967 8065 1
7967 8091 1
7971 7592 2
7971 7930 1
7971 7977 1
7971 8087 1
7977 7971 1
7977 8087 1
7989 8002 1
8002 7753 1
8002 7977 1
8002 7989 1
8002 8002 1
8016 8016 1
8016 8026 2
8016 8074 1
8016 8082 1
8016 8092 2
8026 7753 1
8026 8016 2
8026 8041 1
8028 6179 1
8039 5765 1
8039 7568 1
8039 7977 1
8039 7983 1
8039 8016 1
8039 8059 1
8039 8065 1
8039 8084 1
8039 8090 2
8039 8099 1
8040 8087 1
8041 8026 2
8041 8096 1
8059 5371 1
8065 6179 2
8065 7967 2
8081 7592 1
8082 5371 1
8082 7592 1
8082 7753 3
8083 5371 1
8084 8039 1
8084 8085 1
8085 7753 1
8087 5948 1
8087 7971 1
8087 7977 1
8087 8040 1
8089 8089 1
8090 8039 1
8092 6082 1
8092 8016 1
8092 8039 1
8093 7753 2
8094 6662 1
8095 6023 1
8096 6082 2
8098 6179 1
8100 6371 1
8100 8039 1
