dl n = 37 format = edgelist1
labels embedded
data:
5371 7971 1
5371 7975 1
5371 8059 4
5371 8096 1
5371 8104 4
5371 8124 1
5371 8132 2
5371 8135 1
5371 8136 1
6082 8127 1
6179 7753 1
6179 7960 1
6266 6999 1
6266 8059 1
6704 8059 1
6999 6266 1
7470 8134 1
7592 8040 1
7592 8104 1
7647 7592 1
7647 8126 1
7753 6179 1
7753 7989 1
7753 8104 1
7915 8136 1
7930 7949 1
7945 7989 1
7960 6179 2
7971 5371 1
7975 7977 1
7977 8065 1
8002 7977 1
8002 8135 1
8024 8059 1
8039 7977 1
8039 8135 1
8040 7592 2
8041 7930 1
8041 8124 1
8059 5371 2
8059 6266 1
8059 7977 1
8059 8059 2
8065 7977 1
8124 8041 1
8132 5371 1
8137 7967 1
