dl n = 1427 format = edgelist1
labels embedded
data:
5221 5226 9
5221 5228 21
5221 5232 42
5221 5236 1
5221 5240 34
5221 5246 1
5221 5248 1
5221 5251 2
5221 5252 2
5221 5253 1
5221 5254 1
5221 5256 1
5221 5257 4
5221 5258 1
5221 5260 1
5221 5263 1
5221 5264 1
5221 5265 1
5221 5267 1
5221 5268 1
5221 5269 1
5221 5272 1
5221 5274 1
5221 5276 1
5221 5277 7
5221 5278 1
5221 5288 25
5221 5289 1
5221 5290 1
5221 5294 2
5221 5297 1
5221 5298 1
5221 5299 3
5221 5300 1
5221 5301 16
5221 5302 1
5221 5305 1
5221 5306 1
5221 5307 1
5221 5308 1
5221 5310 1
5221 5312 1
5221 5313 1
5221 5315 9
5221 5316 3
5221 5317 2
5221 5320 1
5221 5321 4
5221 5322 8
5221 5323 2
5221 5325 1
5221 5327 1
5221 5328 1
5221 5329 7
5221 5330 1
5221 5331 2
5221 5332 3
5221 5334 1
5221 5336 2
5221 5337 1
5221 5339 25
5221 5340 4
5221 5341 1
5221 5343 3
5221 5344 1
5221 5345 2
5221 5347 1
5221 5348 2
5221 5352 2
5221 5353 1
5221 5354 1
5221 5356 1
5221 5358 1
5221 5362 13
5221 5363 1
5221 5371 6
5221 5373 1
5221 5375 1
5221 5376 1
5221 5380 2
5221 5382 1
5221 5384 1
5221 5387 1
5221 5388 1
5221 5389 3
5221 5391 1
5221 5394 3
5221 5397 5
5221 5401 1
5221 5402 1
5221 5404 1
5221 5407 1
5221 5408 1
5221 5409 3
5221 5411 4
5221 5414 1
5221 5417 1
5221 5420 1
5221 5422 1
5221 5423 1
5221 5425 3
5221 5430 1
5221 5432 1
5221 5434 1
5221 5435 1
5221 5436 1
5221 5438 2
5221 5440 22
5221 5442 1
5221 5445 2
5221 5446 1
5221 5447 1
5221 5449 1
5221 5451 1
5221 5454 6
5221 5457 1
5221 5458 1
5221 5459 1
5221 5460 1
5221 5462 1
5221 5465 1
5221 5466 1
5221 5467 1
5221 5468 4
5221 5472 1
5221 5473 1
5221 5475 1
5221 5479 2
5221 5480 1
5221 5481 1
5221 5484 3
5221 5485 2
5221 5488 3
5221 5492 3
5221 5495 1
5221 5500 1
5221 5501 1
5221 5505 3
5221 5506 1
5221 5507 1
5221 5508 1
5221 5509 1
5221 5511 1
5221 5514 1
5221 5515 1
5221 5516 1
5221 5517 1
5221 5519 4
5221 5520 1
5221 5521 2
5221 5522 1
5221 5523 1
5221 5525 1
5221 5526 1
5221 5527 1
5221 5528 1
5221 5530 5
5221 5531 1
5221 5532 2
5221 5534 1
5221 5538 2
5221 5540 1
5221 5542 2
5221 5543 1
5221 5549 1
5221 5550 1
5221 5551 1
5221 5552 1
5221 5553 1
5221 5554 6
5221 5555 1
5221 5557 1
5221 5558 1
5221 5560 1
5221 5562 1
5221 5564 1
5221 5567 3
5221 5568 1
5221 5572 1
5221 5573 1
5221 5574 3
5221 5576 1
5221 5577 3
5221 5578 4
5221 5581 5
5221 5582 1
5221 5584 1
5221 5585 1
5221 5587 1
5221 5588 59
5221 5589 1
5221 5592 1
5221 5593 1
5221 5594 1
5221 5595 1
5221 5596 1
5221 5599 1
5221 5601 1
5221 5606 2
5221 5608 2
5221 5611 1
5221 5612 1
5221 5613 1
5221 5615 1
5221 5617 1
5221 5618 2
5221 5619 1
5221 5620 3
5221 5624 1
5221 5626 3
5221 5627 1
5221 5628 1
5221 5631 1
5221 5634 2
5221 5635 1
5221 5639 1
5221 5640 2
5221 5641 1
5221 5643 1
5221 5645 1
5221 5646 11
5221 5647 1
5221 5649 1
5221 5651 7
5221 5653 58
5221 5654 1
5221 5657 1
5221 5665 1
5221 5666 1
5221 5669 2
5221 5670 4
5221 5673 9
5221 5675 3
5221 5676 1
5221 5686 3
5221 5688 1
5221 5690 1
5221 5691 1
5221 5698 1
5221 5699 1
5221 5700 1
5221 5701 1
5221 5704 1
5221 5708 2
5221 5711 2
5221 5714 1
5221 5717 1
5221 5718 1
5221 5719 1
5221 5720 1
5221 5721 1
5221 5723 6
5221 5727 1
5221 5730 1
5221 5733 1
5221 5735 3
5221 5736 1
5221 5738 1
5221 5739 1
5221 5740 1
5221 5741 1
5221 5742 2
5221 5745 1
5221 5747 2
5221 5749 1
5221 5751 1
5221 5752 1
5221 5753 2
5221 5755 2
5221 5757 1
5221 5758 1
5221 5759 1
5221 5760 1
5221 5763 8
5221 5765 1
5221 5766 4
5221 5768 2
5221 5770 7
5221 5776 2
5221 5779 1
5221 5780 1
5221 5783 2
5221 5784 1
5221 5785 1
5221 5787 1
5221 5788 13
5221 5790 1
5221 5791 1
5221 5792 2
5221 5794 2
5221 5797 2
5221 5798 1
5221 5800 3
5221 5801 3
5221 5802 1
5221 5803 1
5221 5809 1
5221 5810 1
5221 5812 1
5221 5815 1
5221 5818 1
5221 5822 1
5221 5825 1
5221 5826 1
5221 5828 1
5221 5833 1
5221 5834 2
5221 5837 10
5221 5839 1
5221 5840 1
5221 5841 1
5221 5842 7
5221 5844 1
5221 5846 1
5221 5847 3
5221 5851 3
5221 5854 1
5221 5855 2
5221 5856 1
5221 5858 1
5221 5861 3
5221 5866 1
5221 5868 1
5221 5869 1
5221 5873 1
5221 5875 1
5221 5876 1
5221 5879 1
5221 5881 1
5221 5882 3
5221 5883 2
5221 5889 1
5221 5901 2
5221 5907 1
5221 5913 5
5221 5915 1
5221 5917 1
5221 5918 1
5221 5920 3
5221 5926 1
5221 5928 1
5221 5933 2
5221 5935 1
5221 5938 1
5221 5942 1
5221 5943 1
5221 5944 1
5221 5945 3
5221 5952 1
5221 5953 1
5221 5955 1
5221 5956 2
5221 5961 1
5221 5965 2
5221 5966 1
5221 5975 1
5221 5976 1
5221 5978 1
5221 5980 1
5221 5981 1
5221 5984 2
5221 5990 1
5221 5997 1
5221 5998 1
5221 6000 1
5221 6003 1
5221 6004 2
5221 6010 1
5221 6012 1
5221 6017 1
5221 6021 3
5221 6046 2
5221 6058 1
5221 6060 1
5221 6137 4
5221 6170 1
5221 6213 2
5221 6740 3
5221 6745 8
5221 6766 1
5221 6769 19
5221 6770 7
5221 6774 1
5221 6777 1
5221 6779 2
5221 6780 1
5221 6782 2
5221 6783 1
5221 6786 5
5221 6790 1
5221 6798 1
5221 6799 1
5221 6803 1
5221 6810 1
5221 6811 1
5221 6812 1
5221 6813 1
5221 6817 2
5221 6822 3
5221 6824 1
5221 6825 2
5221 6828 2
5221 6832 1
5221 6833 2
5221 6834 6
5221 6836 1
5221 6847 1
5221 6850 1
5221 6851 1
5221 6858 1
5221 6872 1
5221 6874 1
5221 6878 1
5221 6880 2
5221 6881 2
5221 6882 1
5221 6884 3
5221 6885 1
5221 6891 1
5221 6892 1
5221 6894 1
5221 6896 1
5221 6899 4
5221 6900 1
5221 6907 2
5221 6914 2
5221 6920 1
5221 6921 1
5221 6922 1
5221 6924 1
5221 6925 2
5221 6932 1
5221 6933 1
5221 6935 4
5221 6937 1
5221 6943 1
5221 6946 9
5221 6947 1
5221 6948 1
5221 6954 1
5221 6955 1
5221 6958 2
5221 6961 1
5221 6967 1
5221 6974 1
5221 6979 4
5221 6980 2
5221 6996 1
5221 6999 2
5221 7001 3
5221 7004 7
5221 7005 2
5221 7007 1
5221 7009 1
5221 7014 1
5221 7016 1
5221 7019 1
5221 7021 1
5221 7023 1
5221 7024 1
5221 7026 1
5221 7029 1
5221 7031 1
5221 7034 1
5221 7039 7
5221 7048 1
5221 7052 1
5221 7054 1
5221 7062 1
5221 7063 1
5221 7066 1
5221 7067 1
5221 7069 1
5221 7072 1
5221 7080 1
5221 7083 1
5221 7084 1
5221 7087 1
5221 7093 1
5221 7103 2
5221 7109 2
5221 7121 2
5221 7129 1
5221 7130 1
5221 7135 1
5221 7137 1
5221 7139 1
5221 7155 1
5221 7166 1
5221 7169 1
5221 7173 1
5221 7174 1
5221 7176 1
5221 7178 1
5221 7186 1
5221 7233 4
5221 7430 1
5221 7433 1
5226 5221 3
5226 5226 1
5226 5228 1
5226 5244 1
5226 5345 1
5228 5221 3
5228 5228 4
5228 5230 1
5228 5232 5
5228 5233 1
5228 5239 1
5228 5240 4
5228 5242 1
5228 5244 1
5228 5247 1
5228 5248 1
5228 5249 1
5228 5255 1
5228 5256 1
5228 5258 1
5228 5264 1
5228 5271 1
5228 5272 1
5228 5277 1
5228 5283 1
5228 5288 2
5228 5291 1
5228 5294 1
5228 5301 1
5228 5303 3
5228 5304 1
5228 5308 1
5228 5309 2
5228 5311 1
5228 5315 1
5228 5316 1
5228 5320 1
5228 5322 2
5228 5324 1
5228 5332 1
5228 5333 1
5228 5334 1
5228 5339 1
5228 5342 1
5228 5343 1
5228 5345 1
5228 5348 1
5228 5349 1
5228 5362 2
5228 5364 1
5228 5369 1
5228 5370 1
5228 5379 1
5228 5385 1
5228 5393 1
5228 5399 1
5228 5403 1
5228 5409 2
5228 5411 1
5228 5412 1
5228 5413 1
5228 5415 1
5228 5418 1
5228 5429 1
5228 5431 1
5228 5439 1
5228 5440 4
5228 5445 1
5228 5452 1
5228 5468 1
5228 5484 2
5228 5485 1
5228 5487 1
5228 5492 1
5228 5494 1
5228 5496 1
5228 5498 1
5228 5513 1
5228 5530 1
5228 5560 1
5228 5563 1
5228 5565 1
5228 5573 1
5228 5575 1
5228 5578 1
5228 5588 1
5228 5597 1
5228 5603 1
5228 5604 1
5228 5616 1
5228 5617 1
5228 5626 1
5228 5630 1
5228 5653 2
5228 5658 1
5228 5669 1
5228 5670 2
5228 5673 2
5228 5675 2
5228 5677 2
5228 5678 2
5228 5680 1
5228 5681 1
5228 5682 1
5228 5689 1
5228 5721 1
5228 5723 1
5228 5726 1
5228 5731 1
5228 5748 1
5228 5762 1
5228 6740 1
5228 6741 1
5228 6742 1
5228 6744 1
5228 6745 1
5228 6746 1
5228 6747 1
5228 6750 1
5228 6752 1
5228 6753 1
5228 6755 1
5228 6756 1
5228 6757 2
5228 6760 1
5228 6768 1
5228 6769 1
5228 6773 1
5228 6776 1
5228 6782 2
5228 6783 1
5228 6786 3
5228 6787 1
5228 6788 1
5228 6796 1
5228 6799 1
5228 6802 1
5228 6803 1
5228 6804 1
5228 6814 1
5228 6815 1
5228 6816 1
5228 6825 2
5228 6828 1
5228 6841 1
5228 6843 1
5228 6844 1
5228 6852 1
5228 6858 1
5228 6864 1
5228 6865 1
5228 6866 1
5228 6876 1
5228 6884 1
5228 6899 2
5228 6907 2
5228 6913 2
5228 6933 1
5228 6935 5
5228 6950 1
5228 6955 1
5228 6960 1
5228 6967 1
5228 6975 1
5228 7004 1
5228 7005 1
5228 7010 1
5228 7049 1
5228 7057 1
5232 5221 25
5232 5226 1
5232 5228 3
5232 5231 1
5232 5232 2
5232 5236 1
5232 5240 3
5232 5242 1
5232 5243 1
5232 5245 1
5232 5256 1
5232 5262 1
5232 5267 1
5232 5268 2
5232 5270 1
5232 5272 2
5232 5273 1
5232 5281 1
5232 5284 1
5232 5288 7
5232 5294 1
5232 5299 1
5232 5300 1
5232 5301 3
5232 5303 1
5232 5305 1
5232 5308 1
5232 5310 1
5232 5315 2
5232 5316 1
5232 5321 1
5232 5322 1
5232 5323 1
5232 5329 7
5232 5334 1
5232 5336 1
5232 5339 10
5232 5352 4
5232 5355 1
5232 5357 1
5232 5359 2
5232 5362 2
5232 5366 1
5232 5367 2
5232 5368 1
5232 5369 2
5232 5375 1
5232 5384 1
5232 5392 1
5232 5393 1
5232 5394 2
5232 5397 1
5232 5412 1
5232 5425 1
5232 5428 2
5232 5433 1
5232 5435 2
5232 5440 6
5232 5441 1
5232 5442 1
5232 5443 1
5232 5444 1
5232 5447 1
5232 5448 1
5232 5450 1
5232 5453 1
5232 5456 1
5232 5462 1
5232 5466 1
5232 5470 1
5232 5473 1
5232 5474 2
5232 5476 3
5232 5478 1
5232 5482 1
5232 5488 2
5232 5493 1
5232 5507 1
5232 5510 1
5232 5514 1
5232 5517 1
5232 5518 1
5232 5519 1
5232 5522 2
5232 5524 1
5232 5527 1
5232 5528 1
5232 5529 1
5232 5536 1
5232 5541 1
5232 5542 1
5232 5559 1
5232 5575 1
5232 5576 3
5232 5580 1
5232 5588 6
5232 5590 1
5232 5596 1
5232 5622 1
5232 5634 5
5232 5637 2
5232 5646 6
5232 5647 4
5232 5648 2
5232 5651 2
5232 5653 11
5232 5668 1
5232 5669 8
5232 5670 2
5232 5673 5
5232 5675 5
5232 5683 1
5232 5686 2
5232 5701 1
5232 5702 1
5232 5704 1
5232 5712 1
5232 5713 1
5232 5723 1
5232 5724 1
5232 5728 2
5232 5742 1
5232 5744 2
5232 5749 1
5232 5750 1
5232 5752 1
5232 5767 1
5232 5788 1
5232 5794 1
5232 5796 1
5232 5808 1
5232 5837 1
5232 5842 1
5232 5847 1
5232 5945 1
5232 6021 1
5232 6745 1
5232 6749 1
5232 6754 2
5232 6758 1
5232 6761 3
5232 6762 1
5232 6766 4
5232 6769 2
5232 6770 2
5232 6775 1
5232 6777 1
5232 6781 4
5232 6785 1
5232 6786 13
5232 6789 2
5232 6805 2
5232 6817 1
5232 6818 1
5232 6825 1
5232 6828 3
5232 6834 1
5232 6835 1
5232 6841 1
5232 6848 1
5232 6863 1
5232 6869 1
5232 6873 1
5232 6885 2
5232 6890 1
5232 6895 1
5232 6898 1
5232 6899 1
5232 6905 1
5232 6916 3
5232 6923 1
5232 6934 1
5232 6935 1
5232 6937 1
5232 6942 2
5232 6943 1
5232 6946 2
5232 6956 1
5232 6962 1
5232 6971 1
5232 6973 2
5232 6976 1
5232 6980 2
5232 6997 1
5232 6998 1
5232 7001 1
5232 7002 1
5232 7009 2
5232 7015 1
5232 7019 2
5232 7026 2
5232 7032 1
5232 7037 1
5232 7040 1
5232 7048 1
5232 7051 1
5232 7061 1
5232 7085 1
5232 7086 1
5232 7100 1
5232 7103 2
5232 7191 3
5232 7199 1
5232 7233 1
5232 7271 1
5232 7276 1
5232 7277 1
5232 7278 1
5232 7328 1
5232 7357 2
5232 7358 2
5232 7376 1
5234 5235 1
5235 5279 1
5236 5221 1
5236 5240 1
5236 5279 1
5239 5240 1
5240 5221 6
5240 5232 2
5240 5238 2
5240 5239 2
5240 5240 3
5240 5257 1
5240 5288 8
5240 5292 2
5240 5294 2
5240 5301 3
5240 5303 1
5240 5308 1
5240 5310 4
5240 5316 1
5240 5322 3
5240 5339 8
5240 5341 1
5240 5343 1
5240 5351 1
5240 5362 4
5240 5371 1
5240 5373 1
5240 5374 1
5240 5378 1
5240 5387 1
5240 5389 1
5240 5390 1
5240 5396 1
5240 5397 2
5240 5398 1
5240 5407 1
5240 5423 1
5240 5425 5
5240 5440 6
5240 5445 1
5240 5446 1
5240 5454 2
5240 5460 1
5240 5461 1
5240 5473 1
5240 5477 1
5240 5487 1
5240 5488 2
5240 5491 1
5240 5492 4
5240 5500 1
5240 5503 1
5240 5505 1
5240 5511 1
5240 5512 1
5240 5525 1
5240 5538 2
5240 5539 1
5240 5553 1
5240 5554 1
5240 5556 1
5240 5557 2
5240 5560 1
5240 5562 1
5240 5564 1
5240 5566 1
5240 5576 2
5240 5578 2
5240 5580 1
5240 5581 2
5240 5583 1
5240 5588 38
5240 5596 1
5240 5602 1
5240 5605 1
5240 5607 1
5240 5611 1
5240 5613 1
5240 5615 1
5240 5618 1
5240 5621 1
5240 5623 1
5240 5626 3
5240 5627 1
5240 5628 1
5240 5629 1
5240 5634 1
5240 5638 1
5240 5646 14
5240 5651 1
5240 5653 135
5240 5664 1
5240 5667 1
5240 5670 4
5240 5671 1
5240 5673 3
5240 5675 1
5240 5677 1
5240 5679 1
5240 5682 1
5240 5685 2
5240 5687 1
5240 5688 1
5240 5698 1
5240 5699 1
5240 5706 1
5240 5707 1
5240 5710 1
5240 5712 1
5240 5713 1
5240 5726 1
5240 5733 1
5240 5734 1
5240 5735 1
5240 5736 1
5240 5742 8
5240 5747 1
5240 5751 1
5240 5753 1
5240 5754 3
5240 5756 1
5240 5757 2
5240 5759 1
5240 5763 6
5240 5766 3
5240 5769 4
5240 5770 2
5240 5771 1
5240 5778 1
5240 5779 1
5240 5780 1
5240 5782 1
5240 5783 7
5240 5788 5
5240 5791 1
5240 5794 4
5240 5795 1
5240 5796 1
5240 5798 1
5240 5800 2
5240 5802 3
5240 5804 1
5240 5805 1
5240 5807 1
5240 5810 1
5240 5821 2
5240 5826 1
5240 5827 1
5240 5830 1
5240 5831 1
5240 5833 1
5240 5834 2
5240 5837 14
5240 5838 1
5240 5844 1
5240 5846 1
5240 5847 1
5240 5848 1
5240 5851 2
5240 5855 4
5240 5857 1
5240 5860 1
5240 5862 2
5240 5863 1
5240 5866 1
5240 5869 4
5240 5872 1
5240 5874 2
5240 5879 1
5240 5882 2
5240 5885 1
5240 5888 2
5240 5890 1
5240 5891 1
5240 5892 1
5240 5894 1
5240 5896 1
5240 5902 3
5240 5907 1
5240 5910 1
5240 5913 6
5240 5915 2
5240 5916 4
5240 5917 1
5240 5920 5
5240 5921 3
5240 5922 1
5240 5923 1
5240 5925 1
5240 5926 1
5240 5927 1
5240 5928 2
5240 5930 1
5240 5933 1
5240 5935 1
5240 5936 2
5240 5938 1
5240 5939 1
5240 5940 2
5240 5941 1
5240 5944 2
5240 5945 10
5240 5958 3
5240 5976 1
5240 5978 1
5240 5983 2
5240 5984 2
5240 5990 3
5240 5996 1
5240 5997 1
5240 6000 1
5240 6003 1
5240 6009 1
5240 6010 1
5240 6015 1
5240 6019 1
5240 6021 8
5240 6032 1
5240 6033 3
5240 6037 1
5240 6039 3
5240 6043 1
5240 6044 1
5240 6045 1
5240 6046 20
5240 6047 1
5240 6048 2
5240 6051 1
5240 6054 1
5240 6055 1
5240 6058 1
5240 6060 1
5240 6061 2
5240 6066 3
5240 6068 1
5240 6070 1
5240 6075 1
5240 6076 1
5240 6079 1
5240 6080 1
5240 6094 1
5240 6098 1
5240 6102 1
5240 6103 2
5240 6106 10
5240 6111 1
5240 6112 1
5240 6113 6
5240 6114 1
5240 6115 2
5240 6116 2
5240 6117 7
5240 6118 1
5240 6119 3
5240 6123 1
5240 6124 1
5240 6126 2
5240 6127 1
5240 6128 1
5240 6129 2
5240 6132 1
5240 6134 1
5240 6135 1
5240 6137 1
5240 6138 2
5240 6139 5
5240 6144 1
5240 6146 3
5240 6147 2
5240 6158 1
5240 6161 1
5240 6164 1
5240 6167 1
5240 6169 1
5240 6172 1
5240 6184 1
5240 6189 5
5240 6194 1
5240 6197 1
5240 6200 2
5240 6201 1
5240 6202 1
5240 6203 1
5240 6205 2
5240 6215 1
5240 6216 1
5240 6219 1
5240 6221 1
5240 6223 2
5240 6225 1
5240 6229 1
5240 6230 1
5240 6231 1
5240 6239 1
5240 6240 2
5240 6241 2
5240 6242 1
5240 6244 1
5240 6247 1
5240 6248 1
5240 6250 3
5240 6251 1
5240 6253 1
5240 6255 1
5240 6257 1
5240 6261 3
5240 6262 1
5240 6263 2
5240 6264 1
5240 6266 1
5240 6267 1
5240 6268 1
5240 6269 2
5240 6272 1
5240 6274 1
5240 6276 1
5240 6280 1
5240 6282 1
5240 6285 1
5240 6286 1
5240 6289 1
5240 6291 1
5240 6325 1
5240 6331 1
5240 6332 2
5240 6338 2
5240 6383 1
5240 6532 1
5240 6740 2
5240 6743 1
5240 6745 1
5240 6754 1
5240 6766 1
5240 6777 1
5240 6782 2
5240 6786 2
5240 6792 1
5240 6793 1
5240 6794 1
5240 6795 1
5240 6797 1
5240 6800 1
5240 6806 1
5240 6807 1
5240 6808 1
5240 6813 1
5240 6819 1
5240 6820 1
5240 6821 1
5240 6825 1
5240 6830 1
5240 6831 1
5240 6837 1
5240 6840 1
5240 6843 1
5240 6844 1
5240 6845 1
5240 6846 1
5240 6849 1
5240 6850 1
5240 6853 1
5240 6854 1
5240 6855 1
5240 6859 1
5240 6860 1
5240 6861 1
5240 6862 1
5240 6880 3
5240 6895 1
5240 6896 1
5240 6899 2
5240 6958 1
5240 6961 1
5240 6979 3
5240 6985 1
5240 6994 1
5240 6996 2
5240 6999 2
5240 7011 2
5240 7013 1
5240 7021 1
5240 7026 4
5240 7030 1
5240 7032 1
5240 7033 1
5240 7034 1
5240 7039 5
5240 7042 1
5240 7044 1
5240 7045 1
5240 7048 3
5240 7049 1
5240 7054 1
5240 7057 1
5240 7067 1
5240 7068 1
5240 7069 1
5240 7071 1
5240 7072 1
5240 7076 1
5240 7077 2
5240 7084 1
5240 7088 1
5240 7095 2
5240 7105 1
5240 7109 2
5240 7113 1
5240 7115 1
5240 7129 1
5240 7130 1
5240 7131 1
5240 7133 1
5240 7140 1
5240 7143 1
5240 7145 1
5240 7170 1
5240 7173 1
5240 7178 1
5240 7182 9
5240 7188 1
5240 7189 1
5240 7191 8
5240 7194 1
5240 7198 1
5240 7201 1
5240 7202 1
5240 7205 2
5240 7211 1
5240 7212 1
5240 7217 1
5240 7222 1
5240 7232 1
5240 7233 6
5240 7236 1
5240 7237 1
5240 7238 1
5240 7244 1
5240 7247 1
5240 7249 1
5240 7250 2
5240 7252 6
5240 7271 1
5240 7284 3
5240 7287 1
5240 7292 1
5240 7297 1
5240 7298 1
5240 7299 1
5240 7303 1
5240 7305 1
5240 7308 3
5240 7309 1
5240 7310 1
5240 7311 1
5240 7316 1
5240 7318 1
5240 7322 2
5240 7323 1
5240 7324 1
5240 7328 4
5240 7342 4
5240 7343 1
5240 7344 1
5240 7349 1
5240 7351 2
5240 7353 1
5240 7357 4
5240 7365 2
5240 7366 1
5240 7372 1
5240 7374 2
5240 7376 1
5240 7380 1
5240 7383 2
5240 7385 1
5240 7390 1
5240 7397 1
5240 7401 1
5240 7403 1
5240 7405 1
5240 7410 6
5240 7411 1
5240 7413 1
5240 7414 1
5240 7415 2
5240 7416 1
5240 7417 2
5240 7418 2
5240 7420 2
5240 7423 1
5240 7424 1
5242 5228 1
5243 5232 1
5244 5226 1
5250 5228 1
5251 5228 1
5251 5251 1
5257 5221 3
5258 5221 1
5260 5221 1
5262 5261 1
5272 5232 1
5272 5273 1
5273 5272 1
5275 5267 1
5279 5221 1
5282 5228 1
5282 5232 1
5282 5240 1
5282 5277 2
5282 5287 1
5282 5292 1
5285 5284 1
5285 5286 1
5288 5221 6
5288 5232 2
5288 5240 2
5288 5301 1
5288 5497 1
5288 5651 1
5288 5691 1
5294 5221 1
5294 5293 1
5294 5294 1
5294 5339 2
5294 5411 1
5294 5530 1
5294 5646 1
5294 5694 1
5294 5696 1
5294 5697 1
5294 7117 1
5295 5232 1
5295 5292 1
5297 5221 1
5299 5221 1
5299 5232 1
5301 5221 8
5301 5228 1
5301 5232 2
5301 5240 2
5301 5288 2
5301 5301 4
5301 5318 1
5301 5343 1
5301 5371 3
5301 5440 1
5301 5488 1
5301 5591 1
5301 5659 1
5301 5675 1
5301 5715 1
5301 6741 1
5301 6761 1
5301 6884 2
5301 6893 1
5301 7022 1
5303 5228 2
5303 5303 2
5305 5232 1
5310 5240 1
5310 5991 1
5315 5240 1
5315 5314 1
5315 5315 6
5315 5322 1
5315 5338 1
5315 5411 1
5315 5427 1
5315 5431 1
5315 5464 1
5315 5469 1
5315 5481 1
5315 5486 1
5315 5506 1
5315 5515 1
5315 5598 1
5315 5626 3
5315 5628 2
5315 5648 1
5315 5655 1
5315 5666 1
5315 5692 1
5315 5693 1
5315 5696 1
5315 5706 2
5315 5777 1
5315 5789 1
5315 5800 3
5315 5828 1
5315 5833 1
5315 5836 1
5315 5944 1
5315 5945 1
5315 5967 3
5315 5981 1
5315 5982 1
5315 6023 1
5315 6065 1
5315 6103 1
5315 6153 1
5315 6204 1
5315 6217 1
5315 6254 1
5315 6283 2
5315 6299 1
5315 6315 1
5315 7024 1
5315 7121 1
5315 7250 1
5315 7351 1
5315 7353 1
5315 7405 1
5317 5221 1
5321 5232 1
5329 5232 2
5332 5221 2
5339 5221 5
5339 5228 1
5339 5232 10
5339 5240 3
5339 5294 1
5339 5301 1
5339 5339 3
5339 5544 1
5339 5636 1
5339 5646 1
5339 5653 2
5339 5675 2
5339 6104 1
5339 6745 1
5339 6755 2
5339 6774 1
5339 6786 2
5339 6809 1
5339 6814 1
5339 6825 1
5339 6880 1
5339 6898 1
5339 6935 1
5339 6991 1
5339 6999 1
5339 7048 1
5339 7066 1
5339 7087 1
5339 7091 1
5339 7103 2
5340 5221 1
5343 5221 1
5343 5232 1
5343 5240 3
5343 5294 2
5343 5301 1
5343 5343 4
5343 5362 1
5343 5371 1
5343 5419 1
5343 5421 1
5343 5422 1
5343 5424 1
5343 5425 2
5343 5437 1
5343 5453 1
5343 5549 1
5343 5580 1
5343 5588 2
5343 5607 1
5343 5618 1
5343 5628 2
5343 5631 1
5343 5653 7
5343 5714 1
5343 5735 1
5343 5747 1
5343 5761 1
5343 5766 1
5343 5772 1
5343 5780 1
5343 5786 1
5343 5805 1
5343 5830 1
5343 5853 1
5343 5859 1
5343 5928 1
5343 5931 1
5343 5945 1
5343 6046 1
5343 6116 1
5343 6786 2
5343 6918 1
5343 6936 1
5343 6989 1
5343 7044 2
5343 7186 1
5345 5221 1
5347 5221 1
5348 5221 1
5348 5228 1
5350 5228 1
5352 5228 1
5352 5232 1
5361 5360 1
5362 5221 7
5362 5228 1
5362 5232 1
5362 5240 1
5362 5343 1
5362 5361 1
5362 5554 1
5362 5646 1
5362 5673 2
5362 5788 1
5362 5835 1
5362 5837 1
5362 5901 1
5362 6046 1
5362 6755 1
5362 7080 1
5362 7140 1
5362 7164 1
5367 5232 1
5368 5232 1
5368 5785 1
5370 5768 1
5371 5221 5
5371 5232 2
5371 5240 1
5371 5301 3
5371 5362 1
5371 5370 1
5371 5371 1
5371 5588 1
5371 5646 8
5371 5653 15
5371 5677 1
5371 5742 1
5371 5743 1
5371 5763 1
5371 5794 1
5371 5819 1
5371 5820 1
5371 5842 1
5371 5887 1
5371 5906 1
5371 5943 1
5371 5945 1
5371 5950 1
5371 5964 1
5371 5972 1
5371 5977 1
5371 5979 1
5371 5988 1
5371 6005 1
5371 6011 1
5371 6020 1
5371 6021 2
5371 6033 4
5371 6040 1
5371 6046 1
5371 6053 3
5371 6055 2
5371 6085 1
5371 6105 2
5371 6106 2
5371 6134 1
5371 6161 1
5371 6211 1
5371 6243 1
5371 6261 1
5371 6263 1
5371 6755 1
5371 6880 1
5371 6899 1
5371 7000 3
5371 7026 2
5371 7029 1
5371 7062 5
5371 7092 1
5371 7114 1
5371 7233 2
5371 7299 3
5371 7332 4
5371 7362 2
5371 7367 1
5371 7434 1
5380 5221 1
5380 5380 1
5384 5383 1
5384 5462 1
5388 5422 1
5389 5221 1
5389 5232 1
5389 5240 1
5389 5623 1
5394 5221 2
5397 5221 3
5397 5232 1
5397 5240 2
5397 5397 1
5400 5399 1
5400 5463 1
5400 5466 1
5400 5484 1
5400 5499 1
5400 5520 1
5401 5221 1
5402 5221 1
5409 5228 1
5411 5221 1
5411 5228 1
5411 5409 1
5411 5416 1
5416 5221 1
5423 5423 1
5425 5221 2
5425 5240 3
5425 5343 1
5426 5343 1
5435 5232 2
5435 5433 1
5439 5228 1
5440 5221 18
5440 5228 1
5440 5232 6
5440 5240 2
5440 5440 3
5440 5653 3
5440 6769 1
5440 6839 2
5440 6884 1
5440 6899 1
5440 6908 1
5440 6986 1
5440 7009 1
5440 7406 1
5441 5232 1
5453 5343 1
5453 5453 1
5464 5315 1
5466 5400 1
5470 5436 1
5470 5470 1
5471 5321 1
5471 5511 1
5474 5232 1
5476 5232 3
5479 5221 1
5484 5221 3
5484 5228 2
5484 5301 1
5484 5400 1
5484 5483 1
5485 5221 1
5485 5228 1
5485 5735 1
5488 5232 2
5488 5240 1
5488 5794 1
5492 5530 1
5505 5221 1
5517 5221 1
5517 5517 2
5519 5519 1
5522 5232 2
5522 5529 1
5529 5522 1
5532 5221 2
5535 5301 1
5536 5301 1
5537 5240 1
5538 5232 1
5538 5240 2
5540 5539 1
5541 5548 1
5542 5221 2
5545 5221 1
5546 5545 1
5548 5541 2
5554 5221 3
5557 5240 1
5559 5557 1
5560 5240 1
5560 5558 1
5568 5824 1
5570 5569 1
5570 5945 1
5571 5221 1
5571 5232 1
5574 5221 1
5574 5228 1
5579 5578 1
5580 5232 1
5580 5343 1
5580 5525 1
5581 5221 2
5581 5240 1
5588 5221 42
5588 5232 4
5588 5240 21
5588 5343 2
5588 5371 1
5588 5588 10
5588 5788 1
5588 5837 1
5588 5842 6
5588 5948 3
5588 5991 1
5596 5662 1
5606 5221 1
5610 5609 1
5613 5240 1
5615 5221 1
5618 5221 3
5626 5240 1
5626 5315 2
5627 5240 1
5634 5232 2
5637 5232 2
5637 5637 1
5640 5221 1
5642 5228 1
5646 5221 5
5646 5232 3
5646 5240 9
5646 5362 1
5646 5371 6
5646 5646 2
5646 5653 2
5646 5948 2
5646 6021 1
5646 7433 1
5647 5221 1
5647 5232 4
5648 5221 1
5648 5232 1
5648 5315 1
5648 6082 2
5648 6327 1
5651 5221 1
5651 5240 1
5651 5673 1
5651 5842 1
5651 5934 1
5651 6021 3
5651 7137 1
5651 7233 3
5653 5221 20
5653 5228 2
5653 5232 7
5653 5238 1
5653 5240 66
5653 5339 4
5653 5343 3
5653 5371 2
5653 5440 2
5653 5588 2
5653 5646 4
5653 5651 1
5653 5653 18
5653 5742 1
5653 5763 2
5653 5842 1
5653 5847 1
5653 5867 24
5653 5944 1
5653 5945 1
5653 5948 5
5653 5956 1
5653 5986 1
5653 5991 5
5653 6021 2
5653 6034 2
5653 6046 2
5653 6055 1
5653 6062 1
5653 6181 1
5653 6213 1
5653 6300 1
5653 6319 1
5653 6324 1
5653 6755 1
5653 6880 1
5653 6945 3
5653 7233 1
5653 7255 2
5653 7314 2
5653 7330 1
5660 5221 1
5663 5596 1
5664 5232 1
5669 5221 1
5669 5232 6
5669 5669 1
5669 6751 2
5670 5221 1
5670 5675 1
5671 5371 1
5673 5221 5
5673 5228 1
5673 5232 5
5673 5240 2
5673 5371 1
5673 5651 1
5673 5653 1
5673 5673 1
5673 6759 1
5673 6979 1
5673 7074 1
5675 5221 2
5675 5232 6
5675 5301 1
5675 5308 1
5675 5339 1
5675 5670 1
5675 5675 1
5675 6745 1
5675 6770 1
5675 6785 1
5675 6853 1
5675 6895 1
5675 6899 3
5675 6939 1
5675 6970 1
5677 5221 1
5677 5228 1
5677 6890 1
5686 5221 1
5686 5232 1
5691 5651 1
5705 5315 1
5708 5240 1
5708 5653 1
5708 5708 1
5708 5722 1
5708 5805 1
5708 5832 1
5708 5855 1
5708 5857 2
5708 5880 1
5708 5896 1
5708 5989 1
5708 6046 10
5708 6049 1
5708 6056 1
5708 6130 1
5708 6275 1
5708 7026 1
5708 7233 2
5708 7418 1
5708 7431 1
5708 7436 1
5713 5713 1
5723 5221 5
5723 5228 2
5725 5315 1
5728 5232 1
5735 5221 2
5735 5735 1
5735 5946 1
5739 5221 1
5740 5221 1
5742 5240 9
5744 5232 1
5747 5221 1
5747 5240 1
5747 5343 1
5752 5221 2
5752 5232 2
5753 5221 2
5753 5240 1
5754 5240 1
5755 5315 1
5763 5221 6
5763 5238 1
5763 5240 2
5763 5371 1
5763 5653 1
5763 5763 1
5763 5847 2
5763 5882 1
5763 5904 1
5763 5921 1
5763 6021 1
5763 6034 1
5763 6075 1
5763 6138 2
5763 6263 1
5763 6880 1
5763 7409 1
5765 5221 1
5765 5371 1
5766 5221 1
5766 5240 2
5766 5842 1
5766 7330 1
5769 5240 1
5775 5774 1
5777 5777 1
5777 6189 1
5781 5221 1
5783 5240 4
5783 5783 3
5783 5837 1
5784 5783 1
5785 5368 1
5788 5221 8
5788 5232 1
5788 5240 1
5788 5588 1
5788 5787 1
5788 5788 1
5788 5806 1
5788 5874 1
5788 7103 1
5790 5221 1
5790 5770 1
5792 5770 1
5792 5835 1
5794 5221 1
5794 5240 1
5794 5301 1
5794 5793 2
5794 6113 1
5796 5240 1
5802 5221 1
5802 5991 2
5805 5240 1
5813 5221 1
5814 5770 1
5816 5770 1
5820 5371 1
5827 5240 1
5831 5240 1
5834 5221 1
5834 5315 1
5834 5893 1
5837 5221 5
5837 5240 5
5837 5588 2
5837 5837 9
5837 5842 3
5837 5961 1
5842 5221 1
5842 5240 1
5842 5371 1
5842 5588 8
5842 5648 1
5842 5651 1
5842 5653 8
5842 5766 1
5842 5800 1
5842 5824 1
5842 5837 3
5842 5841 1
5842 5845 2
5842 5851 1
5842 5861 1
5842 5865 1
5842 5869 3
5842 5895 1
5842 5903 1
5842 5907 1
5842 5911 1
5842 5913 4
5842 5915 1
5842 5920 1
5842 5921 2
5842 5944 3
5842 5945 2
5842 5951 1
5842 5955 1
5842 5957 1
5842 5960 1
5842 5963 1
5842 5979 1
5842 5985 1
5842 5991 1
5842 6002 1
5842 6003 1
5842 6004 1
5842 6006 1
5842 6007 1
5842 6014 1
5842 6021 3
5842 6031 1
5842 6032 1
5842 6035 1
5842 6042 1
5842 6046 9
5842 6057 1
5842 6072 1
5842 6074 1
5842 6075 1
5842 6077 3
5842 6083 1
5842 6087 1
5842 6106 1
5842 6146 1
5842 6151 2
5842 6177 1
5842 6183 1
5842 6188 2
5842 6190 1
5842 6198 1
5842 6214 1
5842 6222 1
5842 6263 1
5842 6271 1
5842 6278 1
5842 6280 1
5842 6288 1
5842 6293 1
5842 6294 1
5842 6301 1
5842 6307 2
5842 6308 1
5842 6310 1
5842 6314 1
5842 6326 3
5842 6333 1
5842 6880 2
5842 6920 1
5842 7133 1
5842 7142 1
5842 7182 3
5842 7191 3
5842 7208 1
5842 7228 1
5842 7231 1
5842 7233 3
5842 7243 1
5842 7250 1
5842 7251 1
5842 7252 4
5842 7259 1
5842 7261 2
5842 7269 1
5842 7271 2
5842 7284 1
5842 7287 3
5842 7288 1
5842 7289 1
5842 7303 1
5842 7308 1
5842 7326 1
5842 7328 2
5842 7330 1
5842 7342 1
5842 7343 1
5842 7346 1
5842 7349 1
5842 7357 1
5842 7412 2
5842 7422 1
5842 7428 1
5842 7429 1
5842 7440 1
5846 5848 1
5847 5763 2
5848 5846 1
5848 5958 1
5849 5240 1
5851 5842 1
5855 5240 2
5857 5708 1
5861 5861 3
5864 5863 1
5865 5221 1
5867 5240 1
5867 5653 68
5867 5867 1
5867 5874 1
5867 5912 1
5867 5945 2
5867 6021 2
5867 6046 6
5867 6050 1
5867 6075 2
5867 6100 2
5867 6124 1
5867 6322 1
5867 7053 1
5867 7361 1
5869 5240 3
5869 5371 1
5869 5842 3
5869 5918 1
5869 6117 1
5873 5872 1
5874 5240 1
5874 5867 1
5877 5221 1
5877 5800 1
5877 6046 1
5877 7066 1
5882 5763 1
5882 5899 1
5882 6010 1
5882 6046 2
5883 5221 2
5897 5896 1
5897 5902 1
5897 5907 1
5901 5901 1
5901 5945 2
5901 6046 1
5901 7420 1
5902 5240 1
5902 5897 1
5904 5763 1
5909 5240 1
5913 5221 3
5913 5240 7
5913 5842 4
5913 5913 1
5915 5800 1
5915 5842 2
5915 5915 2
5916 5240 3
5918 5221 1
5921 5763 1
5921 5842 1
5922 5921 2
5924 5837 1
5927 5240 1
5928 5343 1
5933 5221 1
5933 5651 1
5933 5933 1
5934 5651 2
5936 5240 2
5940 5240 1
5945 5221 3
5945 5232 1
5945 5240 8
5945 5371 1
5945 5570 1
5945 5653 1
5945 5842 2
5945 5901 2
5945 5945 3
5945 5991 3
5945 6034 1
5945 6046 4
5945 6162 1
5945 6163 1
5945 6184 1
5945 6739 1
5945 6939 1
5945 6945 2
5945 7053 1
5945 7103 1
5945 7233 1
5945 7329 1
5945 7376 1
5948 5240 1
5948 5588 4
5948 5646 3
5948 5653 5
5948 5763 1
5948 5769 1
5948 5934 1
5948 5945 1
5948 5947 1
5948 5948 1
5948 6021 2
5948 6036 1
5948 6039 1
5948 6046 1
5948 6056 1
5948 6064 1
5948 6106 4
5948 6112 1
5948 6125 1
5948 6131 1
5948 6202 1
5948 6242 2
5948 6304 1
5948 6320 1
5948 6321 1
5948 6880 1
5948 7233 4
5948 7252 2
5948 7259 1
5948 7308 1
5948 7330 2
5948 7365 1
5948 7406 1
5948 7410 2
5948 7426 1
5948 7427 1
5948 7435 1
5956 5240 4
5956 5954 1
5956 5958 1
5956 5992 1
5956 6001 1
5956 6029 1
5956 6030 1
5956 6054 1
5956 6079 1
5956 6097 1
5956 6108 1
5956 6113 2
5956 6138 1
5956 6140 1
5956 6157 1
5956 6159 2
5956 6173 1
5956 6178 1
5956 6185 1
5956 6189 2
5956 6192 1
5956 6199 1
5956 6206 1
5956 6216 1
5956 6237 1
5956 6258 1
5956 6295 2
5956 7328 1
5956 7405 1
5958 5240 1
5958 5848 1
5958 5956 1
5961 5961 1
5962 5653 1
5974 5901 1
5975 5221 1
5976 5240 1
5977 5371 1
5986 5867 1
5987 5653 1
5990 5240 4
5991 5240 1
5991 5310 1
5991 5588 1
5991 5627 1
5991 5653 4
5991 5677 1
5991 5766 4
5991 5802 3
5991 5934 1
5991 5944 1
5991 5991 3
5991 6006 1
5991 6017 1
5991 6021 1
5991 6033 1
5991 6042 1
5991 6057 2
5991 6070 2
5991 6127 2
5991 6134 1
5991 6139 1
5991 6147 2
5991 6148 1
5991 6149 1
5991 6158 3
5991 6162 1
5991 6163 1
5991 6164 1
5991 6172 1
5991 6180 2
5991 6183 1
5991 6196 1
5991 6200 1
5991 6259 1
5991 6261 2
5991 6262 2
5991 6266 3
5991 6281 1
5991 6282 1
5991 6297 1
5991 6300 1
5991 6302 1
5991 6307 1
5991 6315 1
5991 6316 1
5991 7420 2
5991 7438 1
5991 7441 2
5991 7443 1
5991 7444 1
5992 5842 1
5999 5956 1
6001 5999 1
6004 6004 1
6005 5371 1
6006 6008 1
6008 5991 1
6013 5240 1
6014 5842 1
6014 6012 1
6017 5991 1
6017 6017 1
6021 5221 2
6021 5240 4
6021 5371 1
6021 5588 1
6021 5646 2
6021 5651 2
6021 5653 2
6021 5763 1
6021 5842 2
6021 5867 2
6021 5948 2
6021 6021 1
6021 6034 1
6021 6046 1
6021 6082 1
6021 6261 2
6021 6292 1
6021 6296 1
6021 6944 1
6021 7224 1
6021 7233 1
6021 7307 1
6023 7233 1
6024 6022 1
6024 6051 1
6026 6027 1
6027 6026 1
6032 5842 2
6033 5240 1
6033 5371 4
6034 5221 1
6034 5653 4
6034 6021 2
6039 5240 3
6040 5371 1
6046 5240 5
6046 5339 1
6046 5343 1
6046 5362 1
6046 5653 1
6046 5708 5
6046 5842 6
6046 5901 1
6046 5945 2
6046 5948 1
6046 6046 5
6046 6061 1
6046 6106 1
6046 7233 1
6048 5240 2
6053 5371 2
6053 6053 1
6054 5240 1
6055 5371 1
6057 5991 1
6058 5221 1
6058 5240 1
6062 5842 1
6062 6021 1
6062 6046 1
6075 5763 1
6075 5842 1
6075 5867 1
6075 6075 2
6075 6077 2
6077 5842 1
6077 6075 1
6077 6077 1
6080 5221 1
6080 5948 1
6080 6078 1
6080 6086 1
6080 6088 1
6080 6089 1
6080 6099 1
6080 6101 2
6080 6110 1
6080 6120 1
6080 6121 3
6080 6154 1
6080 6155 1
6080 6212 1
6080 6216 1
6080 6284 1
6082 5240 1
6082 5648 3
6082 6066 1
6082 6081 1
6082 6090 1
6082 6109 1
6082 6122 1
6082 6141 1
6082 6166 1
6082 6200 1
6082 6270 1
6083 5842 2
6092 6091 1
6100 5867 1
6100 5901 1
6101 6080 1
6101 6099 1
6103 5240 2
6103 5315 1
6104 5339 1
6104 6066 1
6104 7155 2
6106 5240 6
6106 5371 3
6106 5588 1
6106 5948 1
6107 5315 1
6111 5240 2
6112 5948 1
6113 5240 4
6113 5956 1
6113 6113 1
6115 5240 1
6116 6116 1
6119 5240 2
6123 5240 1
6123 6270 1
6124 5945 1
6124 6080 1
6124 6141 1
6130 5708 1
6130 6133 2
6133 6130 2
6134 5240 1
6134 5991 1
6137 6136 1
6139 5240 2
6139 5991 1
6140 5956 1
6146 5240 5
6147 5991 2
6151 5842 1
6153 5588 1
6153 5948 1
6153 6021 1
6153 6113 1
6153 6153 1
6153 6167 1
6153 6181 1
6153 6190 1
6153 6195 1
6153 6204 1
6153 6207 1
6153 6220 1
6153 6221 1
6153 6225 1
6153 6226 1
6153 6227 1
6153 6233 1
6153 6234 1
6153 6236 1
6153 6246 1
6153 6313 1
6153 6327 1
6164 5240 1
6164 5991 1
6164 6164 1
6167 5315 1
6167 6153 1
6174 5842 1
6175 5842 1
6180 5991 1
6185 5956 1
6188 5842 1
6189 5240 2
6189 5315 1
6189 5777 1
6189 5956 1
6189 6201 1
6189 6254 1
6189 6258 1
6189 6318 1
6189 6324 1
6200 5240 1
6205 5221 1
6205 5240 1
6213 5763 1
6213 5842 1
6213 6210 1
6213 6211 1
6213 7053 1
6213 7059 1
6213 7068 1
6213 7109 1
6213 7233 1
6213 7268 3
6213 7281 1
6213 7408 1
6213 7418 2
6214 6214 1
6223 5240 2
6241 5240 1
6242 5948 1
6242 6153 1
6250 5240 1
6252 6251 1
6258 6189 1
6261 5240 2
6261 5991 3
6261 6021 1
6261 6261 2
6262 5240 1
6262 5991 2
6263 5232 2
6263 5240 10
6263 5315 1
6263 5653 1
6263 5763 1
6263 5766 1
6263 6062 1
6263 6263 2
6263 7336 1
6266 5240 1
6266 5991 1
6269 5240 2
6295 5956 1
6297 6021 1
6307 5842 1
6307 5991 1
6307 6307 1
6309 6309 1
6326 5842 3
6326 6326 1
6327 5648 1
6338 5240 2
6740 5221 2
6740 6743 1
6743 5221 1
6745 5221 9
6745 5228 2
6745 5232 1
6745 5675 1
6745 5677 1
6745 6745 2
6745 6770 1
6745 6889 1
6745 6938 1
6745 6939 1
6751 5669 1
6754 5232 1
6754 5240 1
6755 5339 1
6755 5362 1
6755 5440 1
6755 5653 2
6755 6774 1
6755 6997 1
6757 5228 1
6759 5228 1
6759 5673 2
6759 7029 1
6760 5228 2
6761 5232 2
6762 5232 1
6766 5232 1
6768 5228 1
6769 5221 17
6769 5228 1
6769 5232 3
6769 5240 1
6769 5440 1
6769 6769 2
6769 6823 1
6769 6884 1
6770 5221 3
6770 5232 1
6770 5675 1
6770 6770 3
6770 6898 2
6770 6899 2
6771 5221 1
6774 5339 1
6778 5232 1
6779 5221 1
6781 5232 3
6782 5221 2
6784 6783 1
6785 5232 1
6786 5221 5
6786 5228 1
6786 5232 14
6786 5240 1
6786 5339 2
6786 5343 1
6786 6786 2
6786 6809 2
6786 6884 1
6786 6950 1
6786 6969 1
6786 7282 1
6805 5232 1
6812 5221 1
6813 5221 1
6822 5221 2
6823 6822 1
6824 5221 1
6824 5232 1
6834 5221 1
6856 5646 1
6857 6856 1
6863 5232 2
6863 6781 1
6865 5228 1
6871 6870 1
6876 5228 1
6876 5232 1
6880 5221 1
6880 5339 1
6880 5343 1
6880 5653 1
6880 6825 1
6880 6879 1
6880 6880 1
6880 7239 2
6880 7367 1
6882 6881 1
6884 5221 1
6884 5228 2
6884 5301 1
6884 5339 1
6884 5362 2
6884 5673 1
6884 5711 1
6884 5712 1
6884 6745 1
6884 6769 3
6884 6786 1
6884 6827 1
6884 6828 1
6884 6873 1
6884 6883 1
6884 6890 1
6884 6891 1
6884 6896 1
6884 6897 1
6884 6899 1
6884 6900 1
6884 6903 1
6884 6910 1
6884 6915 1
6884 6920 1
6884 6923 1
6884 6933 1
6884 6935 1
6884 6936 1
6884 6946 1
6884 6949 1
6884 6950 2
6884 6952 1
6884 6955 1
6884 6957 1
6884 6958 2
6884 6959 1
6884 6960 1
6884 6961 1
6884 6964 1
6884 6969 1
6884 6971 1
6884 6974 1
6884 6984 1
6884 6986 1
6884 6987 1
6884 6988 1
6884 6989 1
6884 7431 1
6885 5221 1
6885 5232 2
6885 7051 1
6887 5221 1
6896 6884 1
6898 5339 1
6898 6770 2
6899 5221 2
6899 5228 2
6899 5240 1
6899 5294 1
6899 5440 1
6899 5675 3
6899 7014 1
6906 6899 1
6906 7308 1
6907 5228 2
6914 5221 3
6916 5232 2
6925 5221 1
6936 5343 1
6939 5945 1
6939 6745 1
6942 6942 1
6946 5221 6
6946 5232 1
6946 5646 1
6947 5221 1
6949 5232 1
6950 6884 1
6962 5232 1
6964 6809 1
6967 5228 2
6972 5228 1
6973 5232 2
6976 6975 1
6977 6974 1
6979 5221 4
6979 5240 1
6979 6979 2
6979 7110 1
6980 5232 1
6980 6999 1
6984 6983 1
6999 5221 1
6999 5240 1
6999 5339 2
6999 7006 1
6999 7022 1
7000 5371 3
7004 5221 3
7004 5232 1
7004 5530 1
7004 7004 1
7004 7018 1
7005 5221 1
7005 5228 1
7006 5232 1
7007 7007 1
7009 5232 1
7011 5240 1
7011 7011 1
7014 7014 1
7018 7004 1
7019 5221 1
7019 7145 1
7019 7148 1
7025 6809 1
7026 5221 1
7026 5232 1
7026 5240 1
7026 5371 1
7026 7026 3
7039 5221 3
7039 5240 4
7039 7039 1
7048 5221 1
7048 5240 1
7048 5315 1
7048 7085 1
7051 5232 1
7051 6885 1
7053 5867 2
7053 7409 1
7054 5240 1
7054 6213 1
7058 5221 1
7061 5232 1
7062 5371 3
7066 5221 1
7066 5339 2
7066 7261 2
7066 7308 1
7067 7067 1
7069 7069 1
7079 7090 1
7090 5221 1
7090 7328 1
7090 7412 1
7091 5221 1
7092 5371 3
7095 5240 1
7100 5232 1
7101 5232 1
7102 5240 1
7102 5315 2
7103 5232 1
7103 5339 1
7103 5788 1
7105 5240 1
7106 5339 1
7130 5240 1
7153 5646 1
7153 7154 1
7154 7153 1
7159 7159 1
7164 5339 1
7173 5221 1
7182 7182 4
7184 5339 1
7200 7109 1
7208 7209 1
7209 5646 1
7209 7208 1
7232 5240 1
7233 5221 9
7233 5232 1
7233 5240 2
7233 5371 4
7233 5651 3
7233 5653 1
7233 5708 3
7233 5842 3
7233 5877 1
7233 5945 1
7233 5948 2
7233 5973 1
7233 6021 1
7233 6023 2
7233 6046 2
7233 6213 3
7233 6944 2
7233 6945 1
7233 7053 1
7238 5240 1
7243 5842 1
7276 5232 1
7279 5232 1
7279 7278 1
7284 5240 1
7284 5842 3
7284 7284 2
7288 7324 1
7299 5371 3
7307 7305 1
7308 5240 1
7308 5842 1
7314 5653 1
7321 7319 1
7322 5240 1
7330 5653 1
7330 5766 1
7330 5948 1
7331 5867 1
7332 5371 3
7336 6478 1
7342 7342 2
7353 7416 1
7362 5371 1
7365 5240 1
7365 7365 1
7370 5646 1
7374 5240 1
7375 7372 1
7376 5240 1
7383 5240 1
7389 7388 1
7406 7409 1
7406 7412 1
7406 7439 1
7410 5240 4
7410 5948 2
7412 5440 1
7412 7412 2
7419 5708 1
7420 5901 1
7420 7233 1
7423 5901 1
7425 5240 1
7427 5948 1
7427 7427 1
7431 5973 1
7432 6021 1
7433 5646 1
7433 7430 1
7433 7433 1
7435 7435 2
7437 5842 1
7440 5842 1
