dl n = 68 format = edgelist1
labels embedded
data:
5280 5279 1
5371 6106 2
5371 7967 1
5371 8002 4
5371 8016 1
5371 8035 1
5371 8039 2
5371 8040 1
5371 8051 1
5371 8053 1
5371 8055 1
5371 8056 1
5371 8058 1
5371 8061 1
5371 8073 2
5501 5501 1
5653 8039 2
5794 7066 1
5867 7753 1
5867 7851 3
5948 6082 1
5948 7592 1
5948 7971 1
5948 8039 1
5948 8057 1
5956 8066 1
5956 8070 1
6034 8002 1
6082 8002 4
6082 8055 2
6082 8080 1
6106 5371 1
6106 6106 3
6106 8039 2
6179 7832 1
6179 7971 1
6179 8039 1
6179 8040 2
6371 5371 1
6371 7938 1
6478 7592 1
6478 8027 1
6662 8059 1
7066 5371 2
7066 5794 1
7066 8027 1
7066 8051 1
7066 8058 1
7470 7907 1
7470 7945 2
7470 8080 1
7504 8002 2
7504 8039 1
7504 8058 1
7592 5948 1
7592 7592 2
7592 8002 2
7592 8034 3
7592 8039 1
7592 8076 1
7620 8002 2
7753 5867 1
7753 7753 9
7753 8055 1
7753 8057 1
7753 8061 1
7753 8064 1
7753 8077 1
7753 8079 1
7832 5948 1
7832 7832 1
7832 7971 1
7832 8058 1
7832 8067 1
7851 5867 2
7938 6371 1
7945 7470 1
7945 7945 1
7945 8051 2
7971 8058 1
7971 8065 1
7971 8067 1
7971 8078 1
7977 7971 1
7977 8039 1
7977 8040 1
7998 8067 1
8002 5371 1
8002 6034 1
8002 6082 3
8002 7504 4
8002 7592 1
8002 7620 1
8002 7753 1
8002 8002 4
8016 8016 1
8016 8059 1
8016 8074 1
8024 7753 1
8024 8002 1
8024 8069 1
8027 7066 1
8035 5371 1
8035 8051 2
8039 5501 1
8039 5653 3
8039 6106 1
8039 7504 1
8039 7753 1
8039 7938 1
8039 7977 1
8039 8034 2
8039 8047 1
8039 8048 1
8039 8055 1
8039 8057 4
8039 8059 1
8039 8065 1
8039 8069 1
8039 8079 1
8040 6179 1
8040 7977 1
8040 8042 1
8040 8076 1
8042 8040 1
8048 8039 1
8048 8049 1
8050 8049 1
8050 8050 1
8050 8060 1
8051 5371 1
8051 7066 1
8051 7945 2
8051 8035 2
8052 8052 1
8055 6082 1
8055 8027 1
8055 8039 2
8055 8055 2
8057 5948 1
8057 8039 3
8057 8057 1
8057 8064 1
8058 6179 1
8058 7066 1
8058 7504 1
8058 7832 2
8058 7971 1
8058 8039 1
8059 5371 1
8059 6662 1
8059 8016 1
8059 8059 2
8061 8024 1
8061 8058 1
8064 7753 1
8064 8063 1
8065 8039 1
8066 5948 1
8067 5371 1
8067 7977 1
8067 8027 1
8069 8024 1
8069 8039 1
8076 8040 1
8079 7753 1
8079 8039 1
8080 6082 1
