dl n = 40 format = edgelist1
labels embedded
data:
5371 7832 1
5371 7919 1
5371 7932 6
5371 7933 2
5371 7935 3
5371 7943 1
5371 7945 2
5371 7950 1
5371 7952 1
5948 7938 1
5948 7939 1
6023 7932 1
6023 7936 2
6082 7935 1
6179 7768 1
6179 7930 1
6179 7952 1
6371 7940 1
6478 7832 1
6689 6688 1
6689 7633 1
7592 7941 1
7669 7945 1
7747 7935 1
7753 7669 1
7753 7919 1
7753 7930 2
7753 7933 1
7753 7935 1
7753 7936 1
7753 7940 3
7753 7944 1
7753 7945 1
7753 7946 1
7753 7948 4
7768 7919 1
7830 7938 1
7832 5371 1
7832 7832 1
7927 7952 1
7930 7753 1
7931 5677 1
7932 5371 5
7932 7932 2
7935 5371 1
7935 7953 1
7937 7936 1
7938 7830 1
7940 6371 1
7940 7753 2
7944 7753 1
7945 5371 2
7945 7941 1
7947 7946 1
7948 7753 5
7948 7948 1
7953 7935 1
