SIMPLE CORE/PERIPHERY MODEL
--------------------------------------------------------------------------------

Input dataset:                MYSQL-UCINET-2006-05-01 (C:\Documents and Settings\Tracey Fruh\Desktop\mysqldatabasecoreperiphery\trunk\MYSQL-UCINET-2006-05-01)
Type of data:                 Positive
Fitness measure:              CORR
Density of core-to-periphery ties:
Number of iterations:         50
Population size:              100
Output partition:             CorePartition (C:\Documents and Settings\Tracey Fruh\My Documents\UCINET data\CorePartition)
Output clusters:              CoreClasses (C:\Documents and Settings\Tracey Fruh\My Documents\UCINET data\CoreClasses)

Starting fitness: 0.000
Final fitness: 0.000

Core/Periphery Class Memberships:

    1:  5221 7293 7470 5303 6023 7713 5315 6471 6668 7897 7901 5371 6213 6640 6664 6674 6676 6680 6880 7669 7823 7824 7832 7852 7878 7880 7886 7887 7912 7913 7919 7925 7927 5677 5901 5867 7568 7885 7899 7868 7907 7928 5909 6415 7541 5948 7727 7768 6675 7066 6179 7896 6371 6665 7748 6476 6660 7584 7869 7909 6650 6671 6677 6679 6682 6683 6684 6685 6686 7721 7611 7879 6499 7592 7891 7892 7641 7647 7637 7753 7850 7872 7911 7924 7830 7902 7918 7922 7916 7838 7894 7855 5343 7889 7900 7903 7905 7914 7917 7921 7923
    2:  6667 6661 6641 6662 6672 6678 6689 7633 7743 7910 7920

Blocked Adjacency Matrix

                                                                                                                                                                                 1                                               1  1  1  1  1  1                                            1  1                 1  1  1                            1        
                                       1  1  1  1  1  1  1  1  1  1  2  2  2  2  2  2  2  2  2  2  3  3  3  3  3  3  3  3  3  3  4  4  4  4  4  4  4  4  4  4  5  5  5  5  5  5  1  5  5  5  6  6  6  6  6  6  6  6  6  6  7  9  0  0  0  0  0  0  7  7  8  8  8  8  8  8  8  8  8  8  9  9  0  0  9  9  9  9  9  0  0  1    7  7  7  7  9  9  7  7  1  7  5  
            1  2  3  4  5  6  7  8  9  0  1  2  3  4  5  6  7  8  9  0  1  2  3  4  5  6  7  8  9  0  1  2  3  4  5  6  7  8  9  0  1  2  3  4  5  6  7  8  9  0  1  2  3  4  5  2  7  8  9  0  1  2  3  4  5  6  7  8  9  0  9  0  1  2  3  4  5  8  9  0  1  2  3  4  5  6  7  8  9  0  1  6  7  4  5  6  7  8  9  8  1    2  1  5  7  2  3  3  4  0  6  6  
           52 72 74 53 60 77 53 64 66 78 79 53 62 66 66 66 66 66 68 76 78 78 78 78 78 78 78 78 79 79 79 79 79 56 59 58 75 78 78 78 79 79 59 64 75 59 77 77 66 70 61 78 63 66 77 79 64 66 75 78 79 66 66 66 66 66 66 66 66 66 79 78 78 78 53 78 79 77 76 78 64 75 78 78 76 76 76 77 78 78 79 79 79 79 78 79 79 79 79 79 79   66 66 66 76 77 79 66 66 79 66 66  
          --------------------------------------------------------------------------------------------------------------------------------------------------------------------------------------------------------------------------------------------------------------------------------------------------------------------------------------------------- 
  1 5221 |     1  1                                                                                                                                                                                                                                                                                                       |                                  |
  2 7293 |  1                                                                                                                                                                                                                                                                                                             |                                  |
  3 7470 |                                                                                                                                               2                                                                                            1  1                                                                |                                  |
  4 5303 |              1  1                                                                                                                                                                                                                                                                                              |                                  |
  5 6023 |           1                                                                                                                          1     2     1  1                                                                                                                                                          |                                  |
  6 7713 |                                                                                1                                                                                                                                                                                                                               |                                  |
  7 5315 |                       1  1  1  1                                                                                                                                                                                                                                                                               |                                  |
  8 6471 |                                                                                                                                                                                                                                                                                                                |                                  |
  9 6668 |                                                                                                                                                                                                                                                                                                                |                                  |
 10 7897 |                    1                                                                                                                                                                                                                                                                                           |                                  |
 11 7901 |                                                                                1                                                                                                                                                                                                                               |                                  |
 12 5371 |                       1        2     1  1  1  1  2  1  1  2 14  1  7  2  1  1  2  2  1  1  1  3  1                                                                                                                                                                                                             |                                  |
 13 6213 |                                   1                                                                                                                       1                                                                                                                                                    |                                  |
 14 6640 |                                                                                                                                                                             1  1  1  1                                                                                                                         |                                  |
 15 6664 |                                                                                                                                                                                                                                                                                                                |                                  |
 16 6674 |                                   1                                                                                                                                                                                                                                                                            |                                  |
 17 6676 |                                   1                                                                                                                                                                                                                                                                            |                                  |
 18 6680 |                                                                                                                                                                                                                                                                                                                |                                  |
 19 6880 |                                   1                             1                                                                                                                                                                                                                                              |                                  |
 20 7669 |                                   2                       1                                                                                7     1        1                                                                                                                                                    |                                  |
 21 7823 |                                   6                                                                                                                          1                                                                                                                                                 |                                  |
 22 7824 |                                                                                                                                                                                                                                                                                                                |                                  |
 23 7832 |                                   3                                2                                                                       2     1                                                                 1                          1                                                                |                                  |
 24 7852 |                                                                                                                                                                                                                                                                                                                |                                  |
 25 7878 |                                                                                                                                                                                                                                                                                                                |                                  |
 26 7880 |                                                                                                                                                                                                                                                                                                                |                                  |
 27 7886 |                                1  2                                            1                          3     2                          4                                                                                         1                                1                                        |                                  |
 28 7887 |                                   1                                                                                                                                                                                                                                                                            |                                  |
 29 7912 |                                                                                                                                                                                                                                                                                                                |                                  |
 30 7913 |                                                                                                                                                                                                                                                                                                                |                                  |
 31 7919 |                                                                                                                                                                                                                                                                                                                |                                  |
 32 7925 |                                   1                                                                                                                                                                                                                                                                            |                                  |
 33 7927 |                                                                                                                                                                                                                                                                                                                |                                  |
 34 5677 |                                                                                                        1                                                                                                                                                                                                       |                                  |
 35 5901 |                                                                                                                    3  1  3  1                                                                                                                                                                                  |                                  |
 36 5867 |                                                           1        1           5                             1  1  1                                                                                                                                                                                           |                                  |
 37 7568 |                                                                                                                                                                                                                                                  1                                                             |                                  |
 38 7885 |                                                                                                                                                                                                                                                                       1                                        |                                  |
 39 7899 |                                                                                                        2                                                                                                                                                                                                       |                                  |
 40 7868 |                                                                                                                                                                                                                                                                                                                |                                  |
 41 7907 |                                                                                                        2                                                                                                                                                                                                       |                                  |
 42 7928 |                                                                                                                                                                                                                                                                                                                |                                  |
 43 5909 |                                                                                                                                   1  1                                                                                                                                                                         |                                  |
 44 6415 |                                                                                                                                                                                                                                                                                                                |                                1 |
 45 7541 |                                                                                                                                                                                                                                                                                                                |                                  |
 46 5948 |                                                                                                                                         1  1  1                                                                                                                                                                |                                  |
 47 7727 |              1                                            7        1           7                                                     1  1     1                          3                                                                                         1  1  1  1  1                               |                                  |
 48 7768 |        1                                                                                                                                1                                                                                                                                                  1  1                |                                  |
 49 6675 |                                               1           1        1                                                                                                                                                                                                                                           |                                  |
 50 7066 |                                                                                                                                                                                                                                         1                                                                      |                                  |
 51 6179 |                                                                    1                                                                                                                                                                                                                                           |                                  |
 52 7896 |                                      1                                                                                                                                                                                                                                                                         |                                  |
 53 6371 |                                      1                       1                                                                                                  1  1                                                                                                                                           |                                  |
 54 6665 |                                                                                                                                                                                                                                                                                                                |                                  |
 55 7748 |                                                                                                                                                                    1                                                                                                                                           |                                  |
112 7923 |                                                                                                                                                        1                                                                                                                                                       |                                  |
 57 6476 |                                                                                                                                            1                                                                                                                                                                   |                                  |
 58 6660 |                                         1                                                                                                                                                     1  1  1  1  1  2  1                                                                                              |                                  |
 59 7584 |                                                                                                                                                                                                                                                                                                                |                                  |
 60 7869 |                                                                                                                                                                                                                                                                                                                |                                  |
 61 7909 |                                         1                                                                                                                                                                                                                                                                      |                                  |
 62 6650 |                       2                                                                                                                                                                 6  1                                                                                                                   |                                  |
 63 6671 |                                                                                                                                                                                                                                                                                                                |                                  |
 64 6677 |                                                                                                                                                                                                                                                                                                                |                                  |
 65 6679 |                                                                                                                                                                                                                                                                                                                |                                  |
 66 6682 |                                                                                                                                                                                                                                                                                                                |                                  |
 67 6683 |                                                                                                                                                                             1                                                                                                                                  |                                  |
 68 6684 |                                                                                                                                                                                                                                                                                                                |                                  |
 69 6685 |                                                                                                                                                                                                                                                                                                                |                                  |
 70 6686 |                                                                                                                                                                                                                                                                                                                |                                  |
 99 7916 |                                                                                                                                                                                                                                                                                            1                   |                                  |
100 7838 |                                                                                1                                                                             1                                                           2                                                                                     |                                  |
101 7894 |                                                                                                                                                                                                                       1                                                                                        |                                  |
102 7855 |                                                                                                                                         1                                                                                      2  1                                                                            |                                  |
103 5343 |                                                                                                                                                                                                                                                                                                                |                                  |
104 7889 |                                                                                                                                                                                                                                                                                                                |                                  |
105 7900 |                                                                                                                                                                                                                                                              1                                                 |                                  |
 78 7721 |                                                                                                                                                                                                                                                                                                                |                                  |
 79 7611 |        1                                                                             1                                                                                                                                                                                                                         |                                  |
 80 7879 |                                                                                                                                                                                                                                                                                                                |                                  |
 81 6499 |                                                                                                                                                                                                                                                                                                                |                                  |
 82 7592 |                                                                                                                                                                                                                                                        2  1                                                    |                                  |
 83 7891 |                                                                                                                                                                                                                                                     1                                                          |                                  |
 84 7892 |                                                                                1                                                                                                                                                                    1                                                          |                                  |
 85 7641 |                                                                                2                                                                                                                                                                                                                               |                                  |
 86 7647 |                                   1                                                                                                                                                                                                                                                                            |                                  |
 87 7637 |                                                                                                                                                                                                                                                                                                                |                                  |
 88 7753 |                                                              1                                                                             1           1                                                                                                                                1                      |                                  |
 89 7850 |                                                                                                                                                                                                                                                                                                                |                                  |
 90 7872 |                                                                                                                                                                                                                                                                                                                |                                  |
 91 7911 |                                                                                                                                                                                                                                                                                                                |                                  |
106 7903 |                                                                                                                                               1                                                                                                                                                                |                                  |
107 7905 |                                                                                                                                                                                                                                                                                               1                |                                  |
 94 7924 |                                                                                                                                                                                                                                                                                                                |                                  |
 95 7830 |                                                                                                                                                                                                                                                                                                  1  2          |                                  |
 96 7902 |                                                                                                                                                                                                                                                                                   1                            |                                  |
 97 7918 |                                                                                                                                                                                                                                                                                                                |                                  |
 98 7922 |                                                                                                                                                                                                                                                                                            1                   |                                  |
109 7917 |                                                                                                                                                                                                                    1                                                                                           |                                  |
108 7914 |                                   1                                                                                                                                                                                                        1                                                                   |                                  |
111 7921 |                                                                                                                                               1                                                                                                                                                                |                                  |
         -----------------------------------------------------------------------------------------------------------------------------------------------------------------------------------------------------------------------------------------------------------------------------------------------------------------------------------------------------
 72 6641 |                                                                                                                                                                                                                                                                                                                |                                  |
 71 6661 |                                                                                                                                                                                                                                                                                                                |  2                               |
 75 6678 |                                                                                                                                                                                               1                                                                                                                |                                  |
 77 7633 |                                                                                                                                                                                                                                                                                                                |                                  |
 92 7743 |                                                                                                                                                                                                                                                                                                                |                 1                |
 93 7910 |                                                                                                                                                                                                                                                                                                                |                                  |
 73 6662 |                                                                                                                                                                                                                                                                                                                |  1                               |
 74 6672 |                                                                                                                                                                                                                                                                                                                |                       1          |
110 7920 |                                                                                                                                                                                                                                                                                                                |           1                      |
 76 6689 |                                                                                                     1                                                                                                                                                                                                          |           1                      |
 56 6667 |                                                                                                                                                                                                                                                                                                                |                                  |
          ----------------------------------------------------------------------------------------------------------------------------------------------------------------------------------------------------------------------------------------------------------------------------------------------------------------------------------------------------



Density matrix

           1     2
       ----- -----
    1  0.024 0.001
    2  0.002 0.055

Partition saved as dataset    CorePartition (C:\Documents and Settings\Tracey Fruh\My Documents\UCINET data\CorePartition)
Faction-by-actor indicator matrix saved as dataset CoreClasses (C:\Documents and Settings\Tracey Fruh\My Documents\UCINET data\CoreClasses)

----------------------------------------
Running time:  00:00:01
Output generated:  06 Jun 10 01:07:55
UCINET 6.283 Copyright (c) 1992-2010 Analytic Technologies

