SIMPLE CORE/PERIPHERY MODEL
--------------------------------------------------------------------------------

Input dataset:                MYSQL-UCINET-2003-09-01 (C:\Documents and Settings\Tracey Fruh\Desktop\mysqldatabasecoreperiphery\trunk\MYSQL-UCINET-2003-09-01)
Type of data:                 Positive
Fitness measure:              CORR
Density of core-to-periphery ties:
Number of iterations:         50
Population size:              100
Output partition:             CorePartition (C:\Documents and Settings\Tracey Fruh\My Documents\UCINET data\CorePartition)
Output clusters:              CoreClasses (C:\Documents and Settings\Tracey Fruh\My Documents\UCINET data\CoreClasses)

Starting fitness: 0.000
Final fitness: 0.251

Core/Periphery Class Memberships:

    1:  5240 5769 5944 6051 6335 6371 6372 6375 6385 6387 6412 6463 5315 5991 5371 6526
    2:  6270 6334 6336 6339 6341 6346 6347 6352 6353 6354 6355 6360 6361 6363 6364 6365 6366 6367 6368 6369 6374 6376 6380 6382 6383 6384 6386 6392 6393 6394 6398 6400 6409 6410 6411 6413 6416 6417 6419 6420 6421 6423 6426 6428 6430 6431 6448 6465 6466 7233 6351 6381 6396 6408 6424 6441 6444 6453 5343 7468 5855 6122 6134 6402 6405 6418 6422 6429 6442 6443 6485 7053 7091 7426 7466 7471 7482 5648 5651 5653 5708 6345 6397 6403 6436 5842 6349 7450 5867 6362 6395 5901 6962 5934 6296 5948 6021 6358 6389 7445 7456 5956 6343 6373 6390 6440 6198 6342 6359 6404 6427 6434 6435 6437 6445 6447 6449 6461 6464 6880 7446 7447 7461 7472 7486 6001 6476 7448 7483 6034 6080 6123 6350 6399 6153 6344 6348 6406 6407 6160 6189 6414 6263 6338 6340 6370 6213 6499 7473 7474 6401 6415 6446 6450 6454 7463 5221 6023 6945 7417 7431 7449 7470 7478 7477 7487

Blocked Adjacency Matrix

                     1                                                                                                                                                                                             1 1 1 1 1 1 1 1 1 1 1 1 1 1 1 1 1 1 1 1 1 1 1 1 1 1 1 1 1 1 1 1 1 1 1   1 1 1 1 1 1 1 1 1 1 1 1 1 1 1 1 1 1 1 1 1 1 1 1 1 1 1 1 1 1 1 1 1 1 1 1 1 1 1 1 1 1 1 1 1 1 1  
                   2 3   7 5 3 2 6 3 6 4 2   1 1 1   1 2 2 1 2 2   2     3 3 3 3 1 3 1 3 3 4 4 4 4 2 4 2 4 4 4 5 5 5 5 5 5 5 5 5 1 6 6 6 1 1 6 6 6 6 6 7 7 7 7 7 3 7 7 7 7 8 8 8 8 8 8 8 8 8 8 9 9 9 9 9 9 9 9 9 9 0 0 0 0 0 0 0 0 0 0 1 1 1 1 1 1 1 1 1 1 2 2 2 2 2 2 2 2 2 2 3 3 3 3 3 4 3 3 3 3 4 4 4 4 4 4 4 4 4 4 5 5 5 5 5 5 5 5 5 5 6 6 6 6 6 6 6 6 6 6 7 7 7 7 7 7 7 7 7 7 8 8 8  
           1 2 3 4 7 5 7 5 9 7 6 4 5 3 6 9   0 2 7 6 6 0 3 1 5 1 5 8 9 8 1 2 3 4 3 6 5 8 9 0 1 2 3 2 5 4 7 8 9 0 1 2 3 4 5 6 7 8 4 0 1 2 8 9 5 6 7 8 9 0 1 2 3 4 0 6 7 8 9 0 1 2 3 4 5 6 7 8 9 0 1 2 3 4 5 6 7 8 9 0 1 2 3 4 5 6 7 8 9 0 1 2 3 4 5 6 7 8 9 0 1 2 3 4 5 6 7 8 9 0 1 2 3 4 4 6 7 8 9 0 1 2 3 4 5 6 7 8 9 0 1 2 3 4 5 6 7 8 9 0 1 2 3 4 5 6 7 8 9 0 1 2 3 4 5 6 7 8 9 0 1 2  
           5 5 5 6 6 6 6 5 6 6 6 5 6 5 6 6   6 6 6 6 6 6 6 6 6 6 6 6 6 6 6 6 6 6 6 6 6 6 6 6 6 6 6 6 6 6 6 6 6 6 6 6 6 6 6 6 6 6 6 6 6 7 6 6 6 6 6 6 6 6 6 6 5 7 6 5 6 6 6 6 6 6 6 6 6 6 7 7 7 7 7 7 5 5 5 5 6 6 6 6 5 6 7 5 6 6 5 6 5 6 5 6 6 6 7 7 5 6 6 6 6 6 6 6 6 6 6 6 6 6 6 6 6 6 6 6 7 7 7 7 7 6 6 7 7 6 6 6 6 6 6 6 6 6 6 6 6 6 6 6 6 6 6 6 7 7 6 6 6 6 6 7 5 6 6 7 7 7 7 7 7 7  
          ------------------------------------------------------------------------------------------------------------------------------------------------------------------------------------------------------------------------------------------------------------------------------------------------------------------------------------------------------------------------------- 
  1 5240 | 1 1 1 2 2   6   3 5 1   4   3 1 | 1 1 1 1 1 1 1 1 1 1 1 1 2 1 1 1 1 1 1 1 1 1 1 1 2 1 1 1 2 1 1 1 1 1 1 1 1 1 1 1 1 1 1 2 1 2 1 2                     1                                                                                                                       1                                                                                               |
  2 5769 |                                 |                                                                                                                                                                                                                                                                                                                                             |
  3 5944 |                                 |                                                                                                                                                                                                                                                                                                                                             |
  4 6051 | 1                               |                                                                                                                                                                                                                                                                                                                                             |
 27 6372 |                                 |                                                                                                                           1                                                               1                                                                                                                                                 |
135 6526 |           1           3         |                                                                                                                                                                                                                                                                                                                                             |
  7 6335 | 3                               |                                                                                                                                                               2                                                                                                                                                                             |
 75 5371 | 1       1         2   1     1 1 |                                     1                                 1     1         1       1                       2 1 1 1 1 1 1 1 1 1 3 1 1 2 1 2 1                                                                                     1                                                                                               |
 59 6463 | 2                               |                                                                                                                                                                                                                                                                                                                                             |
 37 6387 |                                 |                                                                                                                                                                                                                                                                                                                                             |
 26 6371 | 2                               |                             1               1                                                                                 2                         1                                                                                     1                                                   2 1 1 1 1                                 |
 64 5991 |         3 3           1       2 |             1                     1 1               1                         1         1                                   1         1             3     1                                   1                   1 1 1 1 1 1 1 2 1 1 1 1 2   1 1 1 1 1 1                                                                                   |
 35 6385 | 4                               |                                                                                                                                                                                                                                                                                                                                             |
 63 5315 |       1               1   1     |                                                               1 1                               1 1 1 1 1 1 1 1                                                                                                                                                                                                                             |
 46 6412 | 3                               |                                                                                                                                                                                                                                                                                                                                             |
 29 6375 |                       2   2     |                                                                                                                                                                   1                                     1                                                                                                                                   |
         ---------------------------------------------------------------------------------------------------------------------------------------------------------------------------------------------------------------------------------------------------------------------------------------------------------------------------------------------------------------------------------
 10 6341 |                                 |                                                                                                                                                                                                                                                                                                                                             |
 12 6347 |                                 |                                                                                                                                                                                                                                                                                                                                             |
 17 6360 |                                 |                                                                                                                                                                                                                                                                                                                                             |
  6 6334 |                                 |                                                                                                                                                                                                                                                                                                                                             |
 16 6355 |                                 |                                                                                                                                                                                                                                                                                                                                             |
 20 6364 |                                 |                                                                                                                                                                                                                                                                                                                                             |
 23 6367 |                       1         |                                                                                                                                                                                                                                                                                                                                             |
 11 6346 |                                 |                                                                                                                                                                                                                                                                                                                                             |
 25 6369 |                                 |                                                                                                                                                                                                                                                                                                                                             |
 21 6365 |                                 |                                                                                                                                                                                                                                                                                                                                             |
  5 6270 |                                 |                                                                                                                                                                                                                                                                                                                                             |
 28 6374 |                                 |                                                                                                                                                                                                                                                                                                                                             |
  9 6339 |                                 |                                                                                                                                                                                                                                                                                                                                             |
  8 6336 |                                 |                                                                                                                                                                                                                                                                                                                                             |
 31 6380 |                                 |                                                                                                                                                                                                                                                                                                                                             |
 32 6382 |                                 |                                                                                                                                                                                                                                                                                                                                             |
 33 6383 |                                 |                                                                                                                                                                                                                                                                                                                                             |
 34 6384 | 1                               |                                                                                                                                                                                                                                                                                                                                             |
 13 6352 |     1                           |                                                                                                                                                                                                                                                                                                                                             |
 36 6386 |                                 |                                                                                                                                                                                                                                                                                                                                             |
 15 6354 |                                 |                                                                                                                                                                                                                                                                                                                                             |
 38 6392 |                                 |                                                                                                                                                                                                                                                                                                                                             |
 39 6393 |                                 |                                                                                                                                                                                                                                                                                                                                             |
 40 6394 |                                 |                                                                                                                                                                                                                                                                                                                                             |
 41 6398 | 1                               |                                                                                                                                                                                                                                                                                                                                             |
 42 6400 |                                 |                                                                                                                                                                                                                                                                                                                                             |
 43 6409 |                                 |                                                                                                                                                                                                                                                                                                                                             |
 22 6366 |                                 |                                                                                                                                                                                                                                                                                                                                             |
 45 6411 |                                 |                                                                                                                                                                                                                                                                                                                                             |
 24 6368 |                                 |                                                                                                                                                                                                                                                                                                                                             |
 47 6413 |                                 |                                                                                                                                                                                                                                                                                                                                             |
 48 6416 |                                 |                                                                                                                                                                                                                                                                                                                                             |
 49 6417 |                                 |                                                                                                                                                                                                                                                                                                                                             |
 50 6419 |                                 |                                                                                                                                                                                                                                                                                                                                             |
 51 6420 |                                 |                                                               1                                                                                                                                                                                                                                                                             |
 52 6421 |                                 |                                                                                 1                                                                                                                                                                                                                                                           |
 53 6423 |                                 |                                                                                                                                                                                                                                                                                                                                             |
 54 6426 |                                 |                                                                                                                                                                                                                                                                                                                                             |
 55 6428 |                                 |                                                                                                                                                                                                                                                                                                                                             |
 56 6430 |                                 |                                                                                                                                                                                                                                                                                                                                             |
 57 6431 |                                 |                                                                                                                                                                                                                                                                                                                                             |
 58 6448 |                                 |                                                                                                                                                                                                                                                                                                                                             |
 14 6353 |                                 |                                                                                                                                                                                                                                                                                                                                             |
 60 6465 | 1                               |                                                                                                                                                                                                                                                                                                                                             |
 61 6466 |                                 |                                                                                                                                                                                                                                                                                                                                             |
 62 7233 | 1                               |                                                                                                                 1                           2                                                                                                                                                                           1 1 1               |
 18 6361 |                                 |                                                                                                                                                           1                                                                                                                                                                                 |
 19 6363 | 1                               |                                                                                                                                                                                                                                                                                                                                             |
 65 6351 |                                 |                                                                                                                                                                                                                                                                                                                                             |
 66 6381 |                           1     |                                                                                                                                                                                                                                                                                                                                             |
 67 6396 |                                 |                                                                                                                                                                                                                                                                                                                                             |
 68 6408 |                                 |                                                                                                                                                                                                                                                                                                                                             |
 69 6424 |                                 |                                                                                                                                                                                                                                                                                                                                             |
 70 6441 |                                 |                                                                                                                                                                                                                                                                                                                 1                           |
 71 6444 |                                 |                                                                                                                                                                                                                                                                                                                                             |
 72 6453 |                                 |                                                                                                                                                                                                                                                                                                                                             |
 73 5343 |                                 |                                                                                                                   1                                                                                                                                                                                                                         |
 74 7468 |                                 |                                                                                                                                                                                                                                                                                                                                             |
 30 6376 |                                 |                                                                                                                                                                                                                                                                                                                                             |
 76 5855 |               2                 |                                                                                                                                                                                                                                                                                                                                             |
 77 6122 |                                 |                                                                                                                                                                                               1                                                                                                                                             |
 78 6134 |                                 |                                                                                                                                                                                             1                                                                                                                                               |
 79 6402 |                                 |                                                                                                                                                                                                                                                                                                                                             |
 80 6405 |                                 |                                                                                                                                                                                                                                                                                                                                             |
 81 6418 |                                 |                                                                                                                                                                                                                                                                                                                                             |
 82 6422 |                                 |                                                                                                                                                                                                                                                                                                                                             |
 83 6429 |                                 |                                                                                                                                                                                                                                                                                                                                             |
 84 6442 |                                 |                                                                                                                                                                                                                                                                                                                                             |
 85 6443 |                                 |                                                                                                                                                                                                                                                                                                                                             |
 86 6485 |                                 |                                                                                                                                                                                                                                                                                                                                             |
 87 7053 |                                 |                                                                                           1                                                                                                                                                                                                                                                 |
 88 7091 |                                 |                                                                                                                                                                                                                                                                                                                                             |
 89 7426 |                                 |                                                                                                                                                                                                                                                                                                                                             |
 90 7466 |               1                 |                                                                                                                                                                                                                                                                                                                                             |
 91 7471 |                                 |                                                                                                                                                                                                                                                                                                                                             |
 92 7482 |                                 |                                                                                                                                                                                                                                                                                                                                             |
 93 5648 |                               1 |                                                                                                                                                                                                                                                                                                                                             |
 94 5651 | 1   1                           |                                                                                             1                                                                                                                                                                                                                                               |
 95 5653 |                                 |                                                                                                                                                             1                                                                                                                                                                               |
 96 5708 |             1                   |                                                                                                                                                                 1 1 1 1                                                                                                                                                                     |
 97 6345 |                                 |                                                                                                                                                                                                                                                                                                                                             |
 98 6397 |                                 |                                                                                                                                                                                                                                                                                                                                             |
 99 6403 |                                 |                                                                                                                                                                                                                                                                                                                                             |
100 6436 |                                 |                                                                                                                                                                                                                                                                                                                                             |
101 5842 |                                 |                                                                                                                                                                           1 3                                                                                                                                                               |
102 6349 |                                 |                                                                                                                                                                                                                                                                                                                                             |
103 7450 |                                 |                                                                                                                                                                                                                                                                                                                                             |
104 5867 |                                 |                                                                                 1                                                                                             2 1 1                                                                                                                                                         |
105 6362 |                                 |                                                                                                                                                                                                                                                                                                                                             |
106 6395 |                                 |                                                                                                                                                                                                                                                                                                                                             |
107 5901 |                                 |                                                                                                                                                                                       1                                                                                                                                                     |
108 6962 |                                 |                                                                                                                                                                                                                                                                                                                                             |
109 5934 |                                 |                                                                                                                                                                                           1                                                                                                                                                 |
110 6296 |                                 |                                                                                                                                                                                         1     1                                                                                                                                             |
111 5948 |       1 1                       |                                                     1                                                                                                                                       1 3 1 1 1 1                                                                                                                                     |
112 6021 |         1                       |                                                                                                                                                                                             2                                                               1 1 1                                                                           |
113 6358 |                                 |                                                                                                                                                                                                                                                                                                                                             |
114 6389 |                                 |                                                                                                                                                                                                                                                                                                                                             |
115 7445 |                                 |                                                                                                                                                                                                     1                                                                                                                                       |
116 7456 |                                 |                                                                                                                                                                                             1                                                                                                                                               |
117 5956 |             1                 2 |         1                                                                 1                       1                                                                                                       1 1 1 1                                                                                                                           |
118 6343 |                                 |                                                                                                                                                                                                                                                                                                                                             |
119 6373 |                                 |                                                                                                                                                                                                                                                                                                                                             |
120 6390 |                                 |                                                                                                                                                                                                                                                                                                                                             |
121 6440 |                                 |                                                                                                                                                                                                                                                                                                                                             |
122 6198 |                                 |                                                                                                                                                                                                                                                                                                                                             |
123 6342 |                                 |                                                                                                                                                                                                                                                                                                                                             |
124 6359 |                       1         |                                                                                                                                                                                                                       1                                                                                                                     |
125 6404 |                                 |                                                                                                                                                                                                                                                                                                                                             |
126 6427 |                                 |                                                                                                                                                                                                                                                                                                                                             |
127 6434 |                                 |                                                                                                                                                                                                                                                                                                                                             |
128 6435 |                                 |                                                                                                                                                                                                                                                                                                                                             |
129 6437 |                       1         |                                                                                                                                                                                                                                                                                                                                             |
130 6445 |                                 |                                                                                                                                                                                                                                                                                                                                             |
131 6447 |                                 |                                                                                                                                                                                                                                                                                                                                             |
132 6449 |                       1         |                                                                                                                                                                                                                                                                                                                                             |
133 6461 |                                 |                                                                                                                                                                                                                                                                                                                                             |
134 6464 |                       2         |                                                                                                                                                                                                                                                                                                                                             |
 44 6410 |                                 |                                                                                                                                                                                                                                                                                                                                             |
136 6880 |                       1         |                                                                                                                                                 1                                                                                                                                                                     1                     |
137 7446 |                                 |                                                                                                                                                                                                                                                                                                                                             |
138 7447 |                                 |                                                                                                                                                                                                                                                                                                                                             |
139 7461 |                                 |                                                                                                                                                                                                                                                                                                                                             |
140 7472 |                                 |                                                                                                                                                                                                                                                                                                                                             |
141 7486 |                                 |                                                                                                                                                                                                                                                                                                                                             |
142 6001 |                       1         |                                                                                                                                                                                                                                                                                                                                             |
143 6476 |               1                 |                                                                                                                                                                                                                                                                                                                                             |
144 7448 |                                 |                                                                                                                                                                                               1                                                                                                                                             |
145 7483 |                                 |                                                                                                                                                                                                                                                                                                                                             |
146 6034 |                                 |                                                                                                                                                                                 1                                                                                                                                                           |
147 6080 |                     1           |                                                                                                                                                                                                                                                                                                                                             |
148 6123 |                                 |                                                                                                                                                                                                                             1                                           3 1                                                                 |
149 6350 |                                 |                                                                                                                                                                                                                                                                                                                                             |
150 6399 |                                 |                                                                                                                                                                                                                                                                                                                                             |
151 6153 |                                 |   1                                                                                                                                                                                                                                                                           1 1 1 1                                                       |
152 6344 |                                 |                                                                                                                                                                                                                                                                                                                                             |
153 6348 |                                 |                                                                                                                                                                                                                                                                                                                                             |
154 6406 |                                 |                                                                                                                                                                                                                                                                                                                                             |
155 6407 |                                 |                                                                                                                                                                                                                                                                                                                                             |
156 6160 |                                 |                                                                                                                                                                                                                                                                                   1                                                         |
157 6189 | 1                               |                                                                                                                                                                                                                                     1                                                     1                                                 |
158 6414 |                                 |                                                                                                                                                                                                                                                                                                                                             |
159 6263 |                       1         |                                                                                                                                                                                                                                                                                                                                             |
160 6338 |                                 |                                                                                                                                                                                                                                                                                               1                                             |
161 6340 | 1                               |                                                                                                                                                                                                                                                                                                                                             |
162 6370 |                     1           |                                                                                                                                                                                                                                                                                                                                             |
163 6213 |                                 |                                                                                                                                                                                                                                                                                                                                             |
164 6499 |                                 |                                                                                                                                                                                                                                                                                                                                             |
165 7473 |                                 |                                                                                                                                                                                                                                                                                                                                             |
166 7474 |                                 |                                                                                                                                                                                                                                                                                                                                             |
167 6401 |                           1     |                                                                                                                                                                                                                                                                                                                                             |
168 6415 |                                 |                                                                                                                                                                                                                                                                                           1                                                 |
169 6446 |                                 |                                                                                                                                                                                                                                                                                                                                             |
170 6450 |                                 |                                                                                                                                                                                                                                       1                                                                                                     |
171 6454 |                           1     |                                                                                                                                                                                                                                                                                                                                             |
172 7463 |                                 |                                                                                                                                                                                                                                                                                                                                             |
173 5221 |                                 |                                                                                                                                                                                                                                                                                                                                             |
174 6023 |                                 |                                                                                                                                                                                                                                                                                                                                             |
175 6945 |                                 |                                                                                                                                                                                                                                                                                                                                             |
176 7417 |                                 |                                                                                                                                                                                                                                                             1                                                                               |
177 7431 |                                 |                                                                                                           1                                                                                                                                                                                                                                 |
178 7449 |                       1         |                                                                                                                                                                                                                                                                                                                                             |
179 7470 |                                 |                                                                                                                                           1                                                                                                                                                                                                 |
180 7478 |                                 |                                                                                                                                                                                                                                                                                                                                         1   |
181 7477 |                                 |                                                                                                                                                                                                                                                                                                                                             |
182 7487 |                                 |                                                                                                                                                                                                                                                                                                             1                               |
          --------------------------------------------------------------------------------------------------------------------------------------------------------------------------------------------------------------------------------------------------------------------------------------------------------------------------------------------------------------------------------



Density matrix

           1     2
       ----- -----
    1  0.283 0.055
    2  0.014 0.003

Partition saved as dataset    CorePartition (C:\Documents and Settings\Tracey Fruh\My Documents\UCINET data\CorePartition)
Faction-by-actor indicator matrix saved as dataset CoreClasses (C:\Documents and Settings\Tracey Fruh\My Documents\UCINET data\CoreClasses)

----------------------------------------
Running time:  00:00:04
Output generated:  06 Jun 10 01:10:27
UCINET 6.283 Copyright (c) 1992-2010 Analytic Technologies

